timestamp,exp_mode,target_arg,cmd_DF,cmd_F,cmd_G,meas_pres_DF,meas_pres_F,meas_pres_G,meas_ang_wrist,meas_ang_hand,p_flag
0.02121710777282715,3,DF,0.00021217107772827148,0.0,0.0,-0.012555234143733503,-0.011514315506688529,-0.000249318547894445,0.72,-0.18,1.0
0.02121710777282715,3,DF,0.00021217107772827148,0.0,0.0,-0.005613082706712825,-0.019244034118163007,0.009018752646702618,0.72,-0.18,1.0
0.02121710777282715,3,DF,0.00021217107772827148,0.0,0.0,-0.0003230165519415034,-0.024056285909289703,0.007071083277018745,0.72,-0.18,1.0
0.02121710777282715,3,DF,0.00021217107772827148,0.0,0.0,0.0029385228030996023,-0.021485455562232723,-0.0009115999431516369,0.72,-0.18,1.0
0.02121710777282715,3,DF,0.00021217107772827148,0.0,0.0,-0.007871897092630992,-0.02368998106301097,-0.003386739444586565,0.72,-0.18,1.0
0.02121710777282715,3,DF,0.00021217107772827148,0.0,0.0,-0.015310143425932479,-0.010123202596144567,-0.005497076180141185,0.72,-0.18,1.0
0.02121710777282715,3,DF,0.00021217107772827148,0.0,0.0,-0.020100187744657244,-0.01995558104888663,0.0013807618849075933,0.72,-0.18,1.0
0.02121710777282715,3,DF,0.00021217107772827148,0.0,0.0,-0.01895925864696579,-0.01650549215206028,0.0015879813817061305,0.72,-0.18,1.0
0.02121710777282715,3,DF,0.00021217107772827148,0.0,0.0,-0.008935418110496907,-0.01381258495405371,-3.0822793922594825e-05,0.72,-0.18,1.0
0.02121710777282715,3,DF,0.00021217107772827148,0.0,0.0,-0.008646161508627787,-0.021194141904886502,0.0015329152306442183,0.72,-0.18,1.0
0.06155276298522949,3,DF,0.0006155276298522949,0.0,0.0,-0.010738794840837658,-0.0051411676760123835,-0.00028983735434326023,0.72,-0.18,1.0
0.06155276298522949,3,DF,0.0006155276298522949,0.0,0.0,-0.0026702334729965397,-0.011636970174794726,-0.0062178830133044,0.72,-0.18,1.0
0.06155276298522949,3,DF,0.0006155276298522949,0.0,0.0,-0.007183975006513093,-0.010505444005498394,-0.005757360626966756,0.72,-0.18,1.0
0.06155276298522949,3,DF,0.0006155276298522949,0.0,0.0,-0.0017440183556659081,-0.0033650048498199405,-0.0038169204363851118,0.72,-0.18,1.0
0.06155276298522949,3,DF,0.0006155276298522949,0.0,0.0,-0.007115389851703688,-0.0128809821417587,-0.005579244876100902,0.72,-0.18,1.0
0.06155276298522949,3,DF,0.0006155276298522949,0.0,0.0,0.0037253075118381753,-0.01607692819130574,-0.0035339843700010845,0.72,-0.18,1.0
0.06155276298522949,3,DF,0.0006155276298522949,0.0,0.0,-0.005414222146402547,-0.016211997419226867,-0.007998021973491077,0.72,-0.18,1.0
0.06155276298522949,3,DF,0.0006155276298522949,0.0,0.0,-0.0018170138792198318,-0.015636106314335596,-0.0013276308523248734,0.72,-0.18,1.0
0.06155276298522949,3,DF,0.0006155276298522949,0.0,0.0,-0.002647160812076691,-0.019115902943338203,-0.005065799500064906,0.72,-0.18,1.0
0.06155276298522949,3,DF,0.0006155276298522949,0.0,0.0,-0.014630727854562568,-0.018933545050978683,-0.013721376584127882,0.72,-0.18,1.0
0.11197042465209961,3,DF,0.0011197042465209961,0.0,0.0,-0.015316796917948489,-0.010620877508368324,-0.01400337568772614,0.72,-0.18,1.0
0.11197042465209961,3,DF,0.0011197042465209961,0.0,0.0,-0.008944453000057827,-0.014994140533008585,-0.00791356849213823,0.72,-0.18,1.0
0.11197042465209961,3,DF,0.0011197042465209961,0.0,0.0,-0.011022774745391532,-0.015178870087791542,-0.011838530014673311,0.72,-0.18,1.0
0.11197042465209961,3,DF,0.0011197042465209961,0.0,0.0,-0.004834945583665238,-0.012452572140536172,-0.012608756322924426,0.72,-0.18,1.0
0.11197042465209961,3,DF,0.0011197042465209961,0.0,0.0,-0.006077175447822666,-0.006150068950313504,-0.010829501443649544,0.72,-0.18,1.0
0.11197042465209961,3,DF,0.0011197042465209961,0.0,0.0,-0.007133562524984458,-0.009334156451477338,-0.014850891313777944,0.72,-0.18,1.0
0.11197042465209961,3,DF,0.0011197042465209961,0.0,0.0,-0.013369087474847717,-0.01769514205609484,-0.01615662519414753,0.72,-0.18,1.0
0.11197042465209961,3,DF,0.0011197042465209961,0.0,0.0,-0.009215489634756834,-0.01974183858239462,-0.012326651196905528,0.72,-0.18,1.0
0.11197042465209961,3,DF,0.0011197042465209961,0.0,0.0,-0.013321859549193028,-0.008319203288995568,-0.00930057548345718,0.72,-0.18,1.0
0.11197042465209961,3,DF,0.0011197042465209961,0.0,0.0,-0.010984874192624911,-0.00036272389139303357,-0.009165428141119788,0.72,-0.18,1.0
0.15230607986450195,3,DF,0.0015230607986450196,0.0,0.0,0.0045785378994794654,0.0023761181418741058,-0.0022808493471222057,0.72,-0.18,1.0
0.15230607986450195,3,DF,0.0015230607986450196,0.0,0.0,0.0009912959862729803,0.0018629179191216164,-0.0035102771710730043,0.72,-0.18,1.0
0.15230607986450195,3,DF,0.0015230607986450196,0.0,0.0,0.0062903754106719304,-0.020866504926963507,0.0015735185253593926,0.72,-0.18,1.0
0.15230607986450195,3,DF,0.0015230607986450196,0.0,0.0,0.005327340801303386,-0.008904215492766262,0.0043245602509540135,0.72,-0.18,1.0
0.15230607986450195,3,DF,0.0015230607986450196,0.0,0.0,0.00806552724928808,-0.014325066893541412,-0.0009889240634177734,0.72,-0.18,1.0
0.15230607986450195,3,DF,0.0015230607986450196,0.0,0.0,-0.004394636257605079,-0.014447103146768935,-0.0025919949833793057,0.72,-0.18,1.0
0.15230607986450195,3,DF,0.0015230607986450196,0.0,0.0,-0.010196679563175088,-0.01019593926579658,-0.005540609281928066,0.72,-0.18,1.0
0.15230607986450195,3,DF,0.0015230607986450196,0.0,0.0,-0.00021295552127647077,-0.01789294101795276,-0.0013753233009457203,0.72,-0.18,1.0
0.15230607986450195,3,DF,0.0015230607986450196,0.0,0.0,-0.0008991373665710584,-0.02064926425085492,0.0005761783219449945,0.72,-0.18,1.0
0.15230607986450195,3,DF,0.0015230607986450196,0.0,0.0,0.0011903480463047328,-0.02008790277426875,-0.002811567931979764,0.72,-0.18,1.0
0.19260334968566895,3,DF,0.0019260334968566894,0.0,0.0,0.0062681124441465045,-0.014987997318197312,-0.014374620055357699,0.72,-0.18,1.0
0.19260334968566895,3,DF,0.0019260334968566894,0.0,0.0,-0.003197378659502987,-0.011984091210701497,-0.00879595536209284,0.72,-0.18,1.0
0.19260334968566895,3,DF,0.0019260334968566894,0.0,0.0,0.0024004503879443938,-0.013817467434539729,-0.01213808997467989,0.72,-0.18,1.0
0.19260334968566895,3,DF,0.0019260334968566894,0.0,0.0,-0.014538351496532828,-0.008827056595233806,-0.012370675889609677,0.72,-0.18,1.0
0.19260334968566895,3,DF,0.0019260334968566894,0.0,0.0,-0.005515603749618498,0.002787456225974311,-0.011234166038501622,0.72,-0.18,1.0
0.19260334968566895,3,DF,0.0019260334968566894,0.0,0.0,-0.0032894875621395244,0.0010849209243592648,-0.009797280574440374,0.72,-0.18,1.0
0.19260334968566895,3,DF,0.0019260334968566894,0.0,0.0,-0.013629850152066867,-0.004275833365162225,-0.011199664802854989,0.72,-0.18,1.0
0.19260334968566895,3,DF,0.0019260334968566894,0.0,0.0,-0.008129206000467066,0.0018979530820453828,-0.014635502737671087,0.72,-0.18,1.0
0.19260334968566895,3,DF,0.0019260334968566894,0.0,0.0,-0.0029707397866345197,0.006822105594357087,-0.014842902526763978,0.72,-0.18,1.0
0.19260334968566895,3,DF,0.0019260334968566894,0.0,0.0,-0.006952309106394085,0.005282997396898033,-0.008791509954304133,0.72,-0.18,1.0
0.23289966583251953,3,DF,0.0023289966583251954,0.0,0.0,-0.009991430157223969,0.004893306102894626,-0.01082206724528192,0.72,-0.18,1.0
0.23289966583251953,3,DF,0.0023289966583251954,0.0,0.0,-0.013397202180428797,0.0035736584783579123,-0.006457839169264726,0.72,-0.18,1.0
0.23289966583251953,3,DF,0.0023289966583251954,0.0,0.0,-0.004275776569580166,0.0022421481061777977,-0.00770768516911844,0.72,-0.18,1.0
0.23289966583251953,3,DF,0.0023289966583251954,0.0,0.0,-0.005766565529900492,-0.006361748521515473,-0.0017358377346213848,0.72,-0.18,1.0
0.23289966583251953,3,DF,0.0023289966583251954,0.0,0.0,-0.01600596904018182,-0.0009834626092616499,0.0013915160647680052,0.72,-0.18,1.0
0.23289966583251953,3,DF,0.0023289966583251954,0.0,0.0,-0.022761795684217566,-0.006155956474023526,0.004165779104077886,0.72,-0.18,1.0
0.23289966583251953,3,DF,0.0023289966583251954,0.0,0.0,-0.022097557499957864,-0.0032758710390666675,0.0015806949079552389,0.72,-0.18,1.0
0.23289966583251953,3,DF,0.0023289966583251954,0.0,0.0,-0.02010936580574953,0.0032031417290637114,-0.00012441994155307839,0.72,-0.18,1.0
0.23289966583251953,3,DF,0.0023289966583251954,0.0,0.0,-0.014499140659112012,0.0014854865895038345,-0.0007595800116683233,0.72,-0.18,1.0
0.28328943252563477,3,DF,0.0028328943252563478,0.0,0.0,-0.0009440692364632769,-0.010775427944906334,-0.0063351573754935,0.72,-0.18,1.0
0.28328943252563477,3,DF,0.0028328943252563478,0.0,0.0,-0.012134627221532938,-0.010116553068195372,-0.003736472797031311,0.72,-0.18,1.0
0.28328943252563477,3,DF,0.0028328943252563478,0.0,0.0,-0.006328937785875948,-0.001980116780887921,-0.0021699749413536936,0.72,-0.18,1.0
0.28328943252563477,3,DF,0.0028328943252563478,0.0,0.0,-0.012130689191454505,-0.01144308219951757,-0.0028949286342197615,0.72,-0.18,1.0
0.28328943252563477,3,DF,0.0028328943252563478,0.0,0.0,-0.009581937060589792,-0.012852827899245158,-0.008335054836706471,0.72,-0.18,1.0
0.28328943252563477,3,DF,0.0028328943252563478,0.0,0.0,-0.013187243742331545,-0.0028674178040495476,-0.010174601187704824,0.72,-0.18,1.0
0.28328943252563477,3,DF,0.0028328943252563478,0.0,0.0,-0.010169105940245868,-0.00905800202073636,-0.006523156321445526,0.72,-0.18,1.0
0.28328943252563477,3,DF,0.0028328943252563478,0.0,0.0,-0.010756670937199331,-0.02555331803480731,-0.0015538939319436106,0.72,-0.18,1.0
0.28328943252563477,3,DF,0.0028328943252563478,0.0,0.0,-0.0024579256017560644,-0.014945379827867377,-0.0030722175635014754,0.72,-0.18,1.0
0.28328943252563477,3,DF,0.0028328943252563478,0.0,0.0,-0.006434490553585346,-0.025897873832253213,-0.008384579995600454,0.72,-0.18,1.0
0.32359790802001953,3,DF,0.0032359790802001954,0.0,0.0,-0.017192884957032365,-0.018371484086559413,-0.006825765868552597,0.72,-0.18,1.0
0.32359790802001953,3,DF,0.0032359790802001954,0.0,0.0,-0.015180511990602235,-0.019348456244028468,-0.011516314152896813,0.72,-0.18,1.0
0.32359790802001953,3,DF,0.0032359790802001954,0.0,0.0,-0.012881402987564074,-0.00676446680549288,-0.010821715760752176,0.72,-0.18,1.0
0.32359790802001953,3,DF,0.0032359790802001954,0.0,0.0,0.0015729011296696743,-0.013180714814032537,-0.00398834069930713,0.72,-0.18,1.0
0.32359790802001953,3,DF,0.0032359790802001954,0.0,0.0,-0.0008525169289726631,-0.01276380909587429,-0.005859756253406227,0.72,-0.18,1.0
0.32359790802001953,3,DF,0.0032359790802001954,0.0,0.0,-0.009652175951813143,-0.014316298861295328,-0.0028017327498163227,0.72,-0.18,1.0
0.32359790802001953,3,DF,0.0032359790802001954,0.0,0.0,-0.012163101599625416,-0.025629280657586392,-0.0007846269317999552,0.72,-0.18,1.0
0.32359790802001953,3,DF,0.0032359790802001954,0.0,0.0,-0.01243982963073835,-0.020678978479855028,-0.0033382082933866644,0.72,-0.18,1.0
0.32359790802001953,3,DF,0.0032359790802001954,0.0,0.0,-0.0057672312191099665,-0.02677384623059779,-0.009405325723475482,0.72,-0.18,1.0
0.32359790802001953,3,DF,0.0032359790802001954,0.0,0.0,-0.005281425951733431,-0.024923885287431558,-0.005410666202777602,0.72,-0.18,1.0
0.3638875484466553,3,DF,0.003638875484466553,0.0,0.0,-0.013936160901445694,-0.015181758958062248,-0.001991932327644034,0.72,-0.18,1.0
0.3638875484466553,3,DF,0.003638875484466553,0.0,0.0,-0.0008203111817211833,-0.005576076158955285,-0.0044681841523814105,0.72,-0.18,1.0
0.3638875484466553,3,DF,0.003638875484466553,0.0,0.0,-0.019284399054134996,0.0002497816200396639,-0.0005662606304085875,0.72,-0.18,1.0
0.3638875484466553,3,DF,0.003638875484466553,0.0,0.0,-0.01724696318792996,-0.006436924234318247,-0.0009739443619986453,0.72,-0.18,1.0
0.3638875484466553,3,DF,0.003638875484466553,0.0,0.0,-0.010997396264144947,-0.009177864366551505,-0.0003270622401865821,0.72,-0.18,1.0
0.3638875484466553,3,DF,0.003638875484466553,0.0,0.0,-0.008122793190416169,-0.016657055504091887,-0.0064400738319380126,0.72,-0.18,1.0
0.3638875484466553,3,DF,0.003638875484466553,0.0,0.0,-0.008686921758141035,-0.015121558125756452,-0.0009475323678900663,0.72,-0.18,1.0
0.3638875484466553,3,DF,0.003638875484466553,0.0,0.0,-0.012379099970576663,-0.012830675154256758,-0.008223454354894353,0.72,-0.18,1.0
0.3638875484466553,3,DF,0.003638875484466553,0.0,0.0,-0.008681402724924911,-0.01177295541174506,-0.011585983523557247,0.72,-0.18,1.0
0.3638875484466553,3,DF,0.003638875484466553,0.0,0.0,-0.013363340937460964,-0.004465647374116598,-0.009627499182121378,0.72,-0.18,1.0
0.40418028831481934,3,DF,0.004041802883148193,0.0,0.0,-0.012749362669881774,-0.0074094990082891445,-0.0009987223961159242,0.72,-0.18,1.0
0.40418028831481934,3,DF,0.004041802883148193,0.0,0.0,-0.01358007566542237,-0.009675318495206304,-0.002509416096194033,0.72,-0.18,1.0
0.40418028831481934,3,DF,0.004041802883148193,0.0,0.0,-0.005816388503382036,-0.00012407980093038774,-0.006260698117630336,0.72,-0.18,1.0
0.40418028831481934,3,DF,0.004041802883148193,0.0,0.0,-0.009616055437832529,-0.0034950284052068445,-1.083398218024483e-05,0.72,-0.18,1.0
0.40418028831481934,3,DF,0.004041802883148193,0.0,0.0,0.0004972561660972935,0.0015351971808888571,0.004351070021868387,0.72,-0.18,1.0
0.40418028831481934,3,DF,0.004041802883148193,0.0,0.0,0.002262089945142352,-0.002734343939519062,-0.0066739068686835585,0.72,-0.18,1.0
0.40418028831481934,3,DF,0.004041802883148193,0.0,0.0,0.003002672029744242,-0.002891702726066733,-0.008775394023463617,0.72,-0.18,1.0
0.40418028831481934,3,DF,0.004041802883148193,0.0,0.0,-0.01032432673152373,-0.004678294726436192,-0.007740682356015221,0.72,-0.18,1.0
0.40418028831481934,3,DF,0.004041802883148193,0.0,0.0,-0.005372703546652627,-0.012020449251194039,-0.00030131176855189575,0.72,-0.18,1.0
0.40418028831481934,3,DF,0.004041802883148193,0.0,0.0,4.3015560657103535e-05,-0.009832959873310416,0.0010067505547446648,0.72,-0.18,1.0
0.4545707702636719,3,DF,0.004545707702636719,0.0,0.0,-0.0030652808629481974,-0.007969527626768558,-0.007047235632805382,0.72,-0.18,1.0
0.4545707702636719,3,DF,0.004545707702636719,0.0,0.0,-0.0024577333011129364,-0.007777791572520069,-0.0030948154479801693,0.72,-0.18,1.0
0.4545707702636719,3,DF,0.004545707702636719,0.0,0.0,-0.014792902347600697,-0.008705661498115684,-0.0006594529503236286,0.72,-0.18,1.0
0.4545707702636719,3,DF,0.004545707702636719,0.0,0.0,-0.01769357070790603,0.005698664265768164,-0.0064906621672272775,0.72,-0.18,1.0
0.4545707702636719,3,DF,0.004545707702636719,0.0,0.0,-0.011466439221811371,-0.0003865283009561647,-0.004088544161385867,0.72,-0.18,1.0
0.4545707702636719,3,DF,0.004545707702636719,0.0,0.0,-0.011489265146427669,-0.0022401448444666285,0.0005349864149798749,0.72,-0.18,1.0
0.4545707702636719,3,DF,0.004545707702636719,0.0,0.0,-0.00565333941361333,-0.009465023322746614,-0.0004546939818136592,0.72,-0.18,1.0
0.4545707702636719,3,DF,0.004545707702636719,0.0,0.0,-0.0017990444767729931,-0.02296863868047468,-0.0019555742983338475,0.72,-0.18,1.0
0.4545707702636719,3,DF,0.004545707702636719,0.0,0.0,-0.00354602052101301,-0.018035385174359812,-0.004337057088542811,0.72,-0.18,1.0
0.4545707702636719,3,DF,0.004545707702636719,0.0,0.0,0.0004095448365814676,-0.028379139599231298,-0.011866572697710073,0.72,-0.18,1.0
0.49486279487609863,3,DF,0.004948627948760986,0.0,0.0,-0.0006871930457869261,-0.02933116349502311,-0.01161242994644262,0.72,-0.18,1.0
0.49486279487609863,3,DF,0.004948627948760986,0.0,0.0,-0.00018325244957944652,-0.01938791456921584,-0.010960590411457999,0.72,-0.18,1.0
0.49486279487609863,3,DF,0.004948627948760986,0.0,0.0,0.007970131085501153,-0.008690222602251614,-0.008872350122703727,0.72,-0.18,1.0
0.49486279487609863,3,DF,0.004948627948760986,0.0,0.0,0.00021207220286566098,-0.014944950895768125,-0.0072427186350408,0.72,-0.18,1.0
0.49486279487609863,3,DF,0.004948627948760986,0.0,0.0,0.003251980472199459,-0.01769564764115338,-0.013934931338529171,0.72,-0.18,1.0
0.49486279487609863,3,DF,0.004948627948760986,0.0,0.0,-0.004832151392700827,-0.019946712976887087,-0.008097146605449504,0.72,-0.18,1.0
0.49486279487609863,3,DF,0.004948627948760986,0.0,0.0,-0.007636814086842953,-0.003763399509658237,-0.01059534757441033,0.72,-0.18,1.0
0.49486279487609863,3,DF,0.004948627948760986,0.0,0.0,-0.002777766598747155,-0.023135715843012872,-0.011033017956486021,0.72,-0.18,1.0
0.49486279487609863,3,DF,0.004948627948760986,0.0,0.0,-0.014150668299093899,-0.024065370299518506,-0.01084457674353772,0.72,-0.18,1.0
0.49486279487609863,3,DF,0.004948627948760986,0.0,0.0,-0.009611467588897991,-0.01817943273791603,-0.013585701617561098,0.72,-0.18,1.0
0.5351698398590088,3,DF,0.005351698398590088,0.0,0.0,-0.006331675944159815,-0.020192451659368726,-0.014013628423859776,0.72,-0.18,1.0
0.5351698398590088,3,DF,0.005351698398590088,0.0,0.0,-0.005257840474777191,-0.018105641568563948,-0.003682945234493301,0.72,-0.18,1.0
0.5351698398590088,3,DF,0.005351698398590088,0.0,0.0,-0.005879944259864256,-0.017969135695349837,-0.002589605717025007,0.72,-0.18,1.0
0.5351698398590088,3,DF,0.005351698398590088,0.0,0.0,0.005813687591552486,-0.008905525583434378,-0.006892622180294709,0.72,-0.18,1.0
0.5351698398590088,3,DF,0.005351698398590088,0.0,0.0,0.009157256482774314,-0.008744533579256234,-0.008640388851561109,0.72,-0.18,1.0
0.5351698398590088,3,DF,0.005351698398590088,0.0,0.0,0.0024696843020197575,-0.01160109717098161,-0.011521447578325931,0.72,-0.18,1.0
0.5351698398590088,3,DF,0.005351698398590088,0.0,0.0,-0.00404966103462379,-0.0024708147029670106,-0.012755786134935318,0.72,-0.18,1.0
0.5351698398590088,3,DF,0.005351698398590088,0.0,0.0,0.0039640711200041225,0.004356804472475919,-0.012153489497388183,0.72,-0.18,1.0
0.5351698398590088,3,DF,0.005351698398590088,0.0,0.0,0.004197103040715919,-0.0033744735462091875,-0.011183607056361523,0.72,-0.18,1.0
0.5351698398590088,3,DF,0.005351698398590088,0.0,0.0,0.0017278296904624645,-0.0003185660552755574,-0.014729630540177781,0.72,-0.18,1.0
0.5855488777160645,3,DF,0.005855488777160645,0.0,0.0,-0.002752150077634441,0.007704291066451481,-0.006352297645355252,0.72,-0.18,1.0
0.5855488777160645,3,DF,0.005855488777160645,0.0,0.0,-0.0010746780973456308,0.0015221664228081758,-0.006549172735064167,0.72,-0.18,1.0
0.5855488777160645,3,DF,0.005855488777160645,0.0,0.0,0.0023548179718771854,-0.007958561352539912,-0.011710412105224662,0.72,-0.18,1.0
0.5855488777160645,3,DF,0.005855488777160645,0.0,0.0,-0.007024367159951161,-0.010830130582358882,-0.009498192837055233,0.72,-0.18,1.0
0.5855488777160645,3,DF,0.005855488777160645,0.0,0.0,-0.014576317073605544,-0.011020183878186375,-0.0018455548718613987,0.72,-0.18,1.0
0.5855488777160645,3,DF,0.005855488777160645,0.0,0.0,-0.013579454582827305,-0.010917545468492038,-0.003052586590919235,0.72,-0.18,1.0
0.5855488777160645,3,DF,0.005855488777160645,0.0,0.0,-0.009432310285769277,-0.01961010003458925,0.0019167030800667493,0.72,-0.18,1.0
0.5855488777160645,3,DF,0.005855488777160645,0.0,0.0,-0.004500081641739824,-0.019096405297814388,-0.0063174297462115555,0.72,-0.18,1.0
0.5855488777160645,3,DF,0.005855488777160645,0.0,0.0,-0.010734830267867377,-0.021901789283401824,0.0036310213272631614,0.72,-0.18,1.0
0.5855488777160645,3,DF,0.005855488777160645,0.0,0.0,-0.00601479010310111,-0.01754482229927895,-0.001151448551862817,0.72,-0.18,1.0
0.6258394718170166,3,DF,0.006258394718170166,0.0,0.0,-0.007932771116580233,-0.019915301561180963,-0.0013407821770055498,0.72,-0.18,1.0
0.6258394718170166,3,DF,0.006258394718170166,0.0,0.0,-0.012770193769439357,-0.02175750040138085,0.003889903407862038,0.72,-0.18,1.0
0.6258394718170166,3,DF,0.006258394718170166,0.0,0.0,-0.003974331651889857,-0.015687754328113868,0.0073317968097112865,0.72,-0.18,1.0
0.6258394718170166,3,DF,0.006258394718170166,0.0,0.0,-0.012296688423825088,-0.011253957597505592,0.009563548153960402,0.72,-0.18,1.0
0.6258394718170166,3,DF,0.006258394718170166,0.0,0.0,-0.014177276049858674,-0.0019905005036408374,0.005883638511518777,0.72,-0.18,1.0
0.6258394718170166,3,DF,0.006258394718170166,0.0,0.0,-0.0026471521139593184,-0.000901004307835224,0.0006508120376129149,0.72,-0.18,1.0
0.6258394718170166,3,DF,0.006258394718170166,0.0,0.0,-0.00424137182664896,-0.013989993713645218,-0.009262229527815889,0.72,-0.18,1.0
0.6258394718170166,3,DF,0.006258394718170166,0.0,0.0,-0.0015891645498642246,-0.007972631225508875,-0.006311165383061755,0.72,-0.18,1.0
0.6258394718170166,3,DF,0.006258394718170166,0.0,0.0,-0.009225306429268002,-0.003985263190191257,-0.0015195002289394648,0.72,-0.18,1.0
0.6258394718170166,3,DF,0.006258394718170166,0.0,0.0,-0.011211132160566102,-0.004531021196480049,0.0013480958790402027,0.72,-0.18,1.0
0.6661317348480225,3,DF,0.006661317348480225,0.0,0.0,-0.014682891335801513,-0.0076861830845275795,-0.002961253146876115,0.72,-0.18,1.0
0.6661317348480225,3,DF,0.006661317348480225,0.0,0.0,-0.022304312799236357,-0.010856049806752591,-0.004132034200285861,0.72,-0.18,1.0
0.6661317348480225,3,DF,0.006661317348480225,0.0,0.0,-0.01847740114801113,-0.007934815141273812,-0.0016285536558368738,0.72,-0.18,1.0
0.6661317348480225,3,DF,0.006661317348480225,0.0,0.0,-0.014440457688371563,-0.016534751804422345,5.3789660375958386e-06,0.72,-0.18,1.0
0.6661317348480225,3,DF,0.006661317348480225,0.0,0.0,-0.010149929044734732,-0.032760521492341994,2.3615659591643944e-05,0.72,-0.18,1.0
0.6661317348480225,3,DF,0.006661317348480225,0.0,0.0,-0.010103102233292305,-0.016763117175143588,0.0007429006187302523,0.72,-0.18,1.0
0.6661317348480225,3,DF,0.006661317348480225,0.0,0.0,-0.01272911459734627,-0.014713255848248846,-0.00637688464055428,0.72,-0.18,1.0
0.6661317348480225,3,DF,0.006661317348480225,0.0,0.0,-0.019308260981633293,-0.005530074672641304,-0.0063996650524333,0.72,-0.18,1.0
0.6661317348480225,3,DF,0.006661317348480225,0.0,0.0,-0.007226594205486398,-0.0029190455931244383,-0.0075787602176048,0.72,-0.18,1.0
0.6661317348480225,3,DF,0.006661317348480225,0.0,0.0,-0.0009598985342107591,-0.00455062924759167,-0.005649899629888991,0.72,-0.18,1.0
0.7064206600189209,3,DF,0.007064206600189209,0.0,0.0,-0.002610415865879301,-0.007749759150289462,-0.007849898843952527,0.72,-0.18,1.0
0.7064206600189209,3,DF,0.007064206600189209,0.0,0.0,0.003615614356823731,0.0005066081870579928,-0.00549334133728826,0.72,-0.18,1.0
0.7064206600189209,3,DF,0.007064206600189209,0.0,0.0,0.00834729155726411,-6.933942721939275e-05,-0.006508553790840007,0.72,-0.18,1.0
0.7064206600189209,3,DF,0.007064206600189209,0.0,0.0,-0.0027297312953960414,-0.007424979777183099,-0.008221318068521418,0.72,-0.18,1.0
0.7064206600189209,3,DF,0.007064206600189209,0.0,0.0,-0.004338229274093725,-0.0006202497433000817,-0.014720442680627737,0.72,-0.18,1.0
0.7064206600189209,3,DF,0.007064206600189209,0.0,0.0,-0.0028063657867170456,0.0017447364762557406,-0.010026702548353882,0.72,-0.18,1.0
0.7064206600189209,3,DF,0.007064206600189209,0.0,0.0,0.002569108256115721,-0.010129153790854445,-0.014123155150971801,0.72,-0.18,1.0
0.7064206600189209,3,DF,0.007064206600189209,0.0,0.0,0.00020754233497158935,-0.017372016498515455,-0.01023948713388727,0.72,-0.18,1.0
0.7064206600189209,3,DF,0.007064206600189209,0.0,0.0,0.004045381301022874,-0.007725520586826937,-0.01372276861087198,0.72,-0.18,1.0
0.7064206600189209,3,DF,0.007064206600189209,0.0,0.0,0.0009535437014176572,-0.014282658726959475,-0.013776971878640952,0.72,-0.18,1.0
0.7567873001098633,3,DF,0.007567873001098633,0.0,0.0,-0.002955607279358459,-0.02028550966789668,-0.004273615913414897,0.72,-0.18,1.0
0.7567873001098633,3,DF,0.007567873001098633,0.0,0.0,-0.006230307546021592,-0.015092636135088268,-0.005921417951162252,0.72,-0.18,1.0
0.7567873001098633,3,DF,0.007567873001098633,0.0,0.0,-0.007016789683438153,-0.016005647048714853,-0.0033427459525120174,0.72,-0.18,1.0
0.7567873001098633,3,DF,0.007567873001098633,0.0,0.0,-0.0002518624748158192,-0.011405570753323787,-0.003252383816714772,0.72,-0.18,1.0
0.7567873001098633,3,DF,0.007567873001098633,0.0,0.0,-0.005706167643977137,-0.010539383951681287,-0.011663017454659435,0.72,-0.18,1.0
0.7567873001098633,3,DF,0.007567873001098633,0.0,0.0,-0.001513694059397872,-0.014562105759671106,-0.015269398302433887,0.72,-0.18,1.0
0.7567873001098633,3,DF,0.007567873001098633,0.0,0.0,-0.0012569160682876007,-0.007946789983707632,-0.009147897143369148,0.72,-0.18,1.0
0.7567873001098633,3,DF,0.007567873001098633,0.0,0.0,-0.011914808968656472,-0.011365163819043922,-0.0020184175997697016,0.72,-0.18,1.0
0.7567873001098633,3,DF,0.007567873001098633,0.0,0.0,-0.014877182728907222,-0.0012988903508035807,-0.001467038290656018,0.72,-0.18,1.0
0.7567873001098633,3,DF,0.007567873001098633,0.0,0.0,-0.0009521355984460748,-0.0053680509840958734,0.002906358742276147,0.72,-0.18,1.0
0.7970809936523438,3,DF,0.007970809936523438,0.0,0.0,-0.000662762665972639,-0.005894489466217568,-0.0013115460311457455,0.72,-0.18,1.0
0.7970809936523438,3,DF,0.007970809936523438,0.0,0.0,-0.00534112179410664,-0.004664572675592559,-0.0037119175833496753,0.72,-0.18,1.0
0.7970809936523438,3,DF,0.007970809936523438,0.0,0.0,-0.0026319941120217963,-0.012022837247297436,-0.005708669408426725,0.72,-0.18,1.0
0.7970809936523438,3,DF,0.007970809936523438,0.0,0.0,-0.004056019973769554,-0.0226949077089589,0.00015060815686388234,0.72,-0.18,1.0
0.7970809936523438,3,DF,0.007970809936523438,0.0,0.0,-0.005515171703600028,-0.02398263283895784,-0.005446988930265901,0.72,-0.18,1.0
0.7970809936523438,3,DF,0.007970809936523438,0.0,0.0,0.0023656773388438853,-0.011574350631019475,9.617822360882204e-05,0.72,-0.18,1.0
0.7970809936523438,3,DF,0.007970809936523438,0.0,0.0,0.003242142112379569,-0.020993924582347286,0.0006719063595308874,0.72,-0.18,1.0
0.7970809936523438,3,DF,0.007970809936523438,0.0,0.0,0.007144555071818006,-0.008017669172239509,-0.007412042421843573,0.72,-0.18,1.0
0.7970809936523438,3,DF,0.007970809936523438,0.0,0.0,0.004914029742478959,-0.009510272831570183,-0.009671572872926335,0.72,-0.18,1.0
0.8373856544494629,3,DF,0.008373856544494629,0.0,0.0,-0.0014564625065350834,0.0035665914674197466,-0.00817542633825071,0.72,-0.18,1.0
0.8373856544494629,3,DF,0.008373856544494629,0.0,0.0,0.004354167902128087,0.0017039868576418705,-0.014338553887294716,0.72,-0.18,1.0
0.8373856544494629,3,DF,0.008373856544494629,0.0,0.0,0.008564956913715865,0.0005953692728888663,-0.01712820683636317,0.72,-0.18,1.0
0.8373856544494629,3,DF,0.008373856544494629,0.0,0.0,0.00354395552012978,-0.006756395798719107,-0.01059899772424708,0.72,-0.18,1.0
0.8373856544494629,3,DF,0.008373856544494629,0.0,0.0,0.005203219704748082,-0.003247916145748506,-0.010503582014410474,0.72,-0.18,1.0
0.8373856544494629,3,DF,0.008373856544494629,0.0,0.0,0.00618036517074087,-0.0022185698054340446,-0.01046481675552426,0.72,-0.18,1.0
0.8373856544494629,3,DF,0.008373856544494629,0.0,0.0,0.0017877928546043886,-0.012698722977394541,-0.00924729217473321,0.72,-0.18,1.0
0.8373856544494629,3,DF,0.008373856544494629,0.0,0.0,-0.008003573344673564,-0.0182880158546882,-0.007035083360898756,0.72,-0.18,1.0
0.8373856544494629,3,DF,0.008373856544494629,0.0,0.0,-0.0049877872828054245,-0.020268003781746414,-0.005631475662490852,0.72,-0.18,1.0
0.8373856544494629,3,DF,0.008373856544494629,0.0,0.0,-0.009687584241558375,-0.02807563335898571,-0.00598859012742268,0.72,-0.18,1.0
0.877678632736206,3,DF,0.008776786327362061,0.0,0.0,-0.003625062230060352,-0.024655776451170324,-0.002532787648180189,0.72,-0.18,1.0
0.877678632736206,3,DF,0.008776786327362061,0.0,0.0,0.0023914314131285737,-0.023139561970232977,-0.007914488041829896,0.72,-0.18,1.0
0.877678632736206,3,DF,0.008776786327362061,0.0,0.0,0.0012643572107939069,-0.029150778166029383,-0.001993228915197654,0.72,-0.18,1.0
0.877678632736206,3,DF,0.008776786327362061,0.0,0.0,-0.000498609245230169,-0.03057325993441689,-0.002284662096624178,0.72,-0.18,1.0
0.877678632736206,3,DF,0.008776786327362061,0.0,0.0,-0.006055837895069519,-0.023511677108878616,-0.004217496877586188,0.72,-0.18,1.0
0.877678632736206,3,DF,0.008776786327362061,0.0,0.0,-0.005711861757436158,-0.01102212405599081,-0.010701120972785387,0.72,-0.18,1.0
0.877678632736206,3,DF,0.008776786327362061,0.0,0.0,-0.003625228972334909,-0.008618089026773041,-0.012695138744575367,0.72,-0.18,1.0
0.877678632736206,3,DF,0.008776786327362061,0.0,0.0,-0.003742356687610036,-0.02189955435262103,0.00044436902563981423,0.72,-0.18,1.0
0.877678632736206,3,DF,0.008776786327362061,0.0,0.0,-0.0011077872072070471,-0.02408497368729507,-0.003882544608471699,0.72,-0.18,1.0
0.877678632736206,3,DF,0.008776786327362061,0.0,0.0,-0.006975806735096717,-0.008519704719922158,0.001225839001440523,0.72,-0.18,1.0
0.9280452728271484,3,DF,0.009280452728271485,0.0,0.0,-0.010084277521981242,-0.006188451642436068,-0.006883515571464541,0.72,-0.18,1.0
0.9280452728271484,3,DF,0.009280452728271485,0.0,0.0,-0.012544677458947313,-0.003312664003366439,0.0020934142973579686,0.72,-0.18,1.0
0.9280452728271484,3,DF,0.009280452728271485,0.0,0.0,-0.000709911768415706,-0.00993371824956298,0.0032270819120245858,0.72,-0.18,1.0
0.9280452728271484,3,DF,0.009280452728271485,0.0,0.0,0.000527762305472683,-0.0015933685877290436,-0.0008061657950156749,0.72,-0.18,1.0
0.9280452728271484,3,DF,0.009280452728271485,0.0,0.0,-0.00019283928053369227,0.002945532213015708,-0.004520260410306846,0.72,-0.18,1.0
0.9280452728271484,3,DF,0.009280452728271485,0.0,0.0,0.0027737018991423226,-0.0036403411866034723,0.0001409195525139942,0.72,-0.18,1.0
0.9280452728271484,3,DF,0.009280452728271485,0.0,0.0,0.002888368099422136,-0.0042698733617318445,0.0008733168722238277,0.72,-0.18,1.0
0.9280452728271484,3,DF,0.009280452728271485,0.0,0.0,0.0014759161833644487,-0.020602419468449908,-0.002518274362651134,0.72,-0.18,1.0
0.9280452728271484,3,DF,0.009280452728271485,0.0,0.0,0.000650259524376209,-0.019400943662525184,-0.0031300322529524667,0.72,-0.18,1.0
0.9280452728271484,3,DF,0.009280452728271485,0.0,0.0,0.007203748680724435,-0.0023321902841735723,-0.009364462728318115,0.72,-0.18,1.0
0.9683382511138916,3,DF,0.009683382511138917,0.0,0.0,0.002566388657696632,-0.007864814489737346,-0.0049801005081544685,0.72,-0.18,1.0
0.9683382511138916,3,DF,0.009683382511138917,0.0,0.0,0.005500488252631598,-0.01558100309904308,-0.009671984334647454,0.72,-0.18,1.0
0.9683382511138916,3,DF,0.009683382511138917,0.0,0.0,0.0005911215404031418,-0.019986576714354592,-0.006927458742208144,0.72,-0.18,1.0
0.9683382511138916,3,DF,0.009683382511138917,0.0,0.0,-0.003046445836073161,-0.022578892466525224,-0.005359791950485399,0.72,-0.18,1.0
0.9683382511138916,3,DF,0.009683382511138917,0.0,0.0,-0.009307090673913863,-0.021240199154680388,-0.002916370918192648,0.72,-0.18,1.0
0.9683382511138916,3,DF,0.009683382511138917,0.0,0.0,-0.004977306444214367,-0.017173504809738383,-0.007840837343898363,0.72,-0.18,1.0
0.9683382511138916,3,DF,0.009683382511138917,0.0,0.0,-0.007738955128910001,-0.009675266081156892,-0.005349574498309157,0.72,-0.18,1.0
0.9683382511138916,3,DF,0.009683382511138917,0.0,0.0,-0.008794318981028787,-0.011938851374836853,-0.0007364809389701898,0.72,-0.18,1.0
0.9683382511138916,3,DF,0.009683382511138917,0.0,0.0,0.00035777261944321327,-0.010157143468789556,-0.012129612352530343,0.72,-0.18,1.0
0.9683382511138916,3,DF,0.009683382511138917,0.0,0.0,-0.0019583353938440505,-0.011190494999830413,-0.005814987069903019,0.72,-0.18,1.0
1.0086538791656494,3,DF,0.010086538791656495,0.0,0.0,-0.011082954281799307,-0.0027280013575977403,-0.008718568801610082,0.72,-0.18,1.0
1.0086538791656494,3,DF,0.010086538791656495,0.0,0.0,-0.008399193080579844,-0.014162457988581102,-0.007300177595529419,0.72,-0.18,1.0
1.0086538791656494,3,DF,0.010086538791656495,0.0,0.0,-0.003132809795842734,-0.017928866490196108,-0.005411005662246354,0.72,-0.18,1.0
1.0086538791656494,3,DF,0.010086538791656495,0.0,0.0,-0.01122542689372195,-0.009146856072002314,0.0028975586893795692,0.72,-0.18,1.0
1.0086538791656494,3,DF,0.010086538791656495,0.0,0.0,-0.008834211697797877,-0.013714021976168198,0.0027887397042052533,0.72,-0.18,1.0
1.0086538791656494,3,DF,0.010086538791656495,0.0,0.0,-0.007907174772644172,-0.008376285554991193,-0.00159332248834667,0.72,-0.18,1.0
1.0086538791656494,3,DF,0.010086538791656495,0.0,0.0,-0.0035411132562678843,-0.02303690611819262,-0.005691274908042414,0.72,-0.18,1.0
1.0086538791656494,3,DF,0.010086538791656495,0.0,0.0,0.004300326674443822,-0.022054379670111982,-0.003982788867538939,0.72,-0.18,1.0
1.0086538791656494,3,DF,0.010086538791656495,0.0,0.0,-0.00010139096476593343,-0.025889553528689477,-0.007245200956643773,0.72,-0.18,1.0
1.0086538791656494,3,DF,0.010086538791656495,0.0,0.0,-0.0002373980354272627,-0.01694770029637634,-0.006654736813976798,0.72,-0.18,1.0
1.059089183807373,3,DF,0.01059089183807373,0.0,0.0,0.010244399586036608,-0.020841287005388197,-0.0070622169842002895,0.72,-0.18,1.0
1.059089183807373,3,DF,0.01059089183807373,0.0,0.0,-0.0063780123577160865,-0.02964746536764355,-0.0062251165287868825,0.72,-0.18,1.0
1.059089183807373,3,DF,0.01059089183807373,0.0,0.0,-0.0038216366747056262,-0.02400666815216545,-0.0063148533232617494,0.72,-0.18,1.0
1.059089183807373,3,DF,0.01059089183807373,0.0,0.0,0.006576616456542804,-0.015429119803274344,-0.0015606478750297794,0.72,-0.18,1.0
1.059089183807373,3,DF,0.01059089183807373,0.0,0.0,-0.0028958221693095834,-0.014419283333672631,0.0016242468926928406,0.72,-0.18,1.0
1.059089183807373,3,DF,0.01059089183807373,0.0,0.0,-0.0020538101035240575,-0.013486496713760435,-0.0013828674696755804,0.72,-0.18,1.0
1.059089183807373,3,DF,0.01059089183807373,0.0,0.0,0.004251624650595021,-0.012685028016405607,-0.002304553443964002,0.72,-0.18,1.0
1.059089183807373,3,DF,0.01059089183807373,0.0,0.0,-0.00994704506332651,-0.010115146194897274,0.001098663200769116,0.72,-0.18,1.0
1.059089183807373,3,DF,0.01059089183807373,0.0,0.0,-0.019677790584112446,-0.01239859688897595,-0.003870381558059948,0.72,-0.18,1.0
1.059089183807373,3,DF,0.01059089183807373,0.0,0.0,-0.0235003403682386,-0.01326050374455066,-0.002511564896626069,0.72,-0.18,1.0
1.0994024276733398,3,DF,0.010994024276733398,0.0,0.0,-0.014954755297473405,-0.013722375233567388,-0.009206748370480595,0.72,-0.18,1.0
1.0994024276733398,3,DF,0.010994024276733398,0.0,0.0,-0.007428293982964934,-0.02125650265505375,-0.01488187516591255,0.72,-0.18,1.0
1.0994024276733398,3,DF,0.010994024276733398,0.0,0.0,0.004466595928834815,-0.01660637100030308,-0.005081502165563057,0.72,-0.18,1.0
1.0994024276733398,3,DF,0.010994024276733398,0.0,0.0,-0.0064373235539486534,-0.016100618241394218,-0.008827711935644154,0.72,-0.18,1.0
1.0994024276733398,3,DF,0.010994024276733398,0.0,0.0,-0.018273275443079835,-0.017235521051317954,-0.007702803449586025,0.72,-0.18,1.0
1.0994024276733398,3,DF,0.010994024276733398,0.0,0.0,-0.02776381132864356,-0.017812802541770627,-0.0038459775437462824,0.72,-0.18,1.0
1.0994024276733398,3,DF,0.010994024276733398,0.0,0.0,-0.023506077556355344,-0.009050190447445174,-0.0001239981995919704,0.72,-0.18,1.0
1.0994024276733398,3,DF,0.010994024276733398,0.0,0.0,-0.008177886512710198,-0.01620271764445388,-0.010722307243655348,0.72,-0.18,1.0
1.0994024276733398,3,DF,0.010994024276733398,0.0,0.0,0.0016281995571705773,-0.015733750267815916,-0.013953744095499036,0.72,-0.18,1.0
1.0994024276733398,3,DF,0.010994024276733398,0.0,0.0,-0.009385276276673096,0.0016815752438075495,-0.006533681280051793,0.72,-0.18,1.0
1.1397242546081543,3,DF,0.011397242546081543,0.0,0.0,-0.01571449988903038,-0.005293697913062449,-0.002593011448949174,0.72,-0.18,1.0
1.1397242546081543,3,DF,0.011397242546081543,0.0,0.0,-0.018276196490996304,-0.006140568625242252,-0.005414578592898859,0.72,-0.18,1.0
1.1397242546081543,3,DF,0.011397242546081543,0.0,0.0,-0.018328702113982753,-0.0066042558600795725,-0.007919858602251749,0.72,-0.18,1.0
1.1397242546081543,3,DF,0.011397242546081543,0.0,0.0,-0.003918214073946308,-0.0052171528893239245,-0.010993136096517519,0.72,-0.18,1.0
1.1397242546081543,3,DF,0.011397242546081543,0.0,0.0,-0.008072115875730779,-0.011408380822416775,-0.010059365445734358,0.72,-0.18,1.0
1.1397242546081543,3,DF,0.011397242546081543,0.0,0.0,-0.00437992134197626,-0.01746073295367826,-0.007446543040326038,0.72,-0.18,1.0
1.1397242546081543,3,DF,0.011397242546081543,0.0,0.0,0.0005813176713618199,-0.01816845635664105,-0.008656785796297578,0.72,-0.18,1.0
1.1397242546081543,3,DF,0.011397242546081543,0.0,0.0,-0.0063380507367222245,-0.016785503359242792,-0.005555051338629577,0.72,-0.18,1.0
1.1397242546081543,3,DF,0.011397242546081543,0.0,0.0,0.004176497486483172,-0.025670187144453023,-0.010058075201524887,0.72,-0.18,1.0
1.1397242546081543,3,DF,0.011397242546081543,0.0,0.0,-0.0012434519965548,-0.02098954780848659,-0.014471385466451622,0.72,-0.18,1.0
1.1800222396850586,3,DF,0.011800222396850586,0.0,0.0,-0.0009106826712792283,-0.0095866152533338,-0.010505031697766834,0.72,-0.18,1.0
1.1800222396850586,3,DF,0.011800222396850586,0.0,0.0,-0.005893998209452804,-0.012754254754732405,-0.014687624742915458,0.72,-0.18,1.0
1.1800222396850586,3,DF,0.011800222396850586,0.0,0.0,-0.0010405293515991694,-0.014932081407094013,-0.0046577632468008286,0.72,-0.18,1.0
1.1800222396850586,3,DF,0.011800222396850586,0.0,0.0,-0.004673610308177503,-0.016095600794265693,-0.010130555878064605,0.72,-0.18,1.0
1.1800222396850586,3,DF,0.011800222396850586,0.0,0.0,0.008003277596913345,-0.02870243540938087,-0.0018275126876411518,0.72,-0.18,1.0
1.1800222396850586,3,DF,0.011800222396850586,0.0,0.0,0.004941121738492764,-0.02800637005366491,-0.0054997399393364845,0.72,-0.18,1.0
1.1800222396850586,3,DF,0.011800222396850586,0.0,0.0,0.0020165571579029923,-0.014719680616001736,0.003067267618202288,0.72,-0.18,1.0
1.1800222396850586,3,DF,0.011800222396850586,0.0,0.0,0.001763435324523223,-0.011693878878441264,-0.007185099057169074,0.72,-0.18,1.0
1.1800222396850586,3,DF,0.011800222396850586,0.0,0.0,-0.003919392572059613,-0.01377103019179683,-0.011425341495498122,0.72,-0.18,1.0
1.1800222396850586,3,DF,0.011800222396850586,0.0,0.0,0.002827307756043183,-0.013799381563887176,-0.012848176962008056,0.72,-0.18,1.0
1.2304210662841797,3,DF,0.012304210662841797,0.0,0.0,0.010630360663382769,-0.0184891645552175,-0.011346877193139326,0.72,-0.18,1.0
1.2304210662841797,3,DF,0.012304210662841797,0.0,0.0,0.0012373493385728586,-0.01830108984383411,-0.01060925184802887,0.72,-0.18,1.0
1.2304210662841797,3,DF,0.012304210662841797,0.0,0.0,0.0008818091840052984,-0.004904217662281024,-0.019339902017737047,0.72,-0.18,1.0
1.2304210662841797,3,DF,0.012304210662841797,0.0,0.0,0.007325889976785817,-0.003365224120054662,-0.01613217809360957,0.72,-0.18,1.0
1.2304210662841797,3,DF,0.012304210662841797,0.0,0.0,-0.0024724250517296404,-0.006982455086047381,-0.009181624973942228,0.72,-0.18,1.0
1.2304210662841797,3,DF,0.012304210662841797,0.0,0.0,-0.010151458134425008,-0.0038566816558836974,-0.011665382392420242,0.72,-0.18,1.0
1.2304210662841797,3,DF,0.012304210662841797,0.0,0.0,-0.0004517190012382772,-0.008808839031276997,-0.002980049133564622,0.72,-0.18,1.0
1.2304210662841797,3,DF,0.012304210662841797,0.0,0.0,0.010868856124561265,-0.014411449646269654,-0.011874406535184527,0.72,-0.18,1.0
1.2304210662841797,3,DF,0.012304210662841797,0.0,0.0,-0.004353411864240274,-0.007757212979032803,-0.0058597569887838,0.72,-0.18,1.0
1.2304210662841797,3,DF,0.012304210662841797,0.0,0.0,0.00039760766731454993,-0.010573998691990438,-0.006273267092583836,0.72,-0.18,1.0
1.2707281112670898,3,DF,0.0127072811126709,0.0,0.0,-0.007938486431887746,-0.006939922237423364,-0.00971829005725176,0.72,-0.18,1.0
1.2707281112670898,3,DF,0.0127072811126709,0.0,0.0,-0.012793099111535068,-0.008996902327473093,-0.011273919241723976,0.72,-0.18,1.0
1.2707281112670898,3,DF,0.0127072811126709,0.0,0.0,0.0009892543076458085,-0.006466241590870192,-0.0030182080748241366,0.72,-0.18,1.0
1.2707281112670898,3,DF,0.0127072811126709,0.0,0.0,0.004726831513385115,-0.00781772389288913,-0.001737183938058767,0.72,-0.18,1.0
1.2707281112670898,3,DF,0.0127072811126709,0.0,0.0,0.002796249664011955,-0.02128073043723282,0.0023454742567819123,0.72,-0.18,1.0
1.2707281112670898,3,DF,0.0127072811126709,0.0,0.0,0.010814780084510674,-0.011518016327059871,-7.93729643509298e-05,0.72,-0.18,1.0
1.2707281112670898,3,DF,0.0127072811126709,0.0,0.0,0.00580571178923092,-0.013562521591706908,-0.004965848936836648,0.72,-0.18,1.0
1.2707281112670898,3,DF,0.0127072811126709,0.0,0.0,0.00022405487086182773,-0.011500418971267502,0.001077897753729304,0.72,-0.18,1.0
1.2707281112670898,3,DF,0.0127072811126709,0.0,0.0,0.007309061026829141,-0.010045625546248474,0.006568675283194648,0.72,-0.18,1.0
1.2707281112670898,3,DF,0.0127072811126709,0.0,0.0,0.004488654815797441,-0.012039498262059979,0.004548314530753899,0.72,-0.18,1.0
1.3110699653625488,3,DF,0.013110699653625489,0.0,0.0,0.012360826456994314,-0.015714419079277057,0.00623589405940697,0.72,-0.18,1.0
1.3110699653625488,3,DF,0.013110699653625489,0.0,0.0,0.009865469747599796,-0.018080818001085967,0.003781113240202057,0.72,-0.18,1.0
1.3110699653625488,3,DF,0.013110699653625489,0.0,0.0,0.0029498587896597613,-0.0092602237505424,0.0038172603046085973,0.72,-0.18,1.0
1.3110699653625488,3,DF,0.013110699653625489,0.0,0.0,-0.0014973981791262388,-0.006979028749872798,0.0006002158723096027,0.72,-0.18,1.0
1.3110699653625488,3,DF,0.013110699653625489,0.0,0.0,-0.006499474562500498,-0.007219061158311416,-0.008099143249749507,0.72,-0.18,1.0
1.3110699653625488,3,DF,0.013110699653625489,0.0,0.0,0.0028626036723111634,0.004724935252147066,-0.010523725964715302,0.72,-0.18,1.0
1.3110699653625488,3,DF,0.013110699653625489,0.0,0.0,0.002671438958433399,-0.006170925084159033,-0.008967189781783276,0.72,-0.18,1.0
1.3110699653625488,3,DF,0.013110699653625489,0.0,0.0,-0.004457101200162214,-0.007598933925438254,-0.009365651880337982,0.72,-0.18,1.0
1.3110699653625488,3,DF,0.013110699653625489,0.0,0.0,0.002679250537909005,-0.0019657900562407293,-0.008290345065481135,0.72,-0.18,1.0
1.3513739109039307,3,DF,0.013513739109039307,0.0,0.0,-0.0010687245808687661,-0.010327233874424281,-0.009169552210719422,0.72,-0.18,1.0
1.3513739109039307,3,DF,0.013513739109039307,0.0,0.0,0.007135777635983011,-0.010483279705726396,-0.007215957805507964,0.72,-0.18,1.0
1.3513739109039307,3,DF,0.013513739109039307,0.0,0.0,-0.009081970013928273,-0.01277945508182453,-0.0046133082505425615,0.72,-0.18,1.0
1.3513739109039307,3,DF,0.013513739109039307,0.0,0.0,-0.006231167326883014,-0.007174368385920504,-0.007542877086562967,0.72,-0.18,1.0
1.3513739109039307,3,DF,0.013513739109039307,0.0,0.0,-0.0019662505415437024,-0.01148953893283627,-0.0020073116317739907,0.72,-0.18,1.0
1.3513739109039307,3,DF,0.013513739109039307,0.0,0.0,-0.004732966767592796,-0.016921502076584865,0.0010332920012703878,0.72,-0.18,1.0
1.3513739109039307,3,DF,0.013513739109039307,0.0,0.0,-0.002681051991637145,-0.013168030183452587,-0.0038439436986409878,0.72,-0.18,1.0
1.3513739109039307,3,DF,0.013513739109039307,0.0,0.0,0.0006841721828911556,-0.01979848728960245,-0.001375219718986985,0.72,-0.18,1.0
1.3513739109039307,3,DF,0.013513739109039307,0.0,0.0,-0.0047302605703174235,-0.019459187364219317,0.0018116889530480444,0.72,-0.18,1.0
1.3513739109039307,3,DF,0.013513739109039307,0.0,0.0,-0.0020206990143555783,-0.014984100683907908,-0.001651497214158072,0.72,-0.18,1.0
1.4017455577850342,3,DF,0.014017455577850342,0.0,0.0,0.0025277053534261814,-0.014588006078878618,-0.004182917877951154,0.72,-0.18,1.0
1.4017455577850342,3,DF,0.014017455577850342,0.0,0.0,0.0065365495259023226,-0.009177504305000125,-0.009275970847410102,0.72,-0.18,1.0
1.4017455577850342,3,DF,0.014017455577850342,0.0,0.0,0.016920093964251547,-0.00019846940351535457,-0.012060109954720458,0.72,-0.18,1.0
1.4017455577850342,3,DF,0.014017455577850342,0.0,0.0,0.009230878720575231,-0.015885403158961513,-0.0022763168300525376,0.72,-0.18,1.0
1.4017455577850342,3,DF,0.014017455577850342,0.0,0.0,0.010767763695566684,-0.023484604394167607,-0.0031824414828789016,0.72,-0.18,1.0
1.4017455577850342,3,DF,0.014017455577850342,0.0,0.0,-0.0017213454064275776,-0.011306845854540254,0.0008175354377393371,0.72,-0.18,1.0
1.4017455577850342,3,DF,0.014017455577850342,0.0,0.0,-0.0009865351264429106,-0.006453253102991493,-0.006476061210426242,0.72,-0.18,1.0
1.4017455577850342,3,DF,0.014017455577850342,0.0,0.0,-0.0070146222439738,-0.001585364514479359,-0.007649751080973722,0.72,-0.18,1.0
1.4017455577850342,3,DF,0.014017455577850342,0.0,0.0,-0.0031471886705985957,-6.108919890248515e-06,-0.0015949721728281446,0.72,-0.18,1.0
1.4017455577850342,3,DF,0.014017455577850342,0.0,0.0,-0.009332047066875569,-0.0005272120480573446,-0.004483793772271752,0.72,-0.18,1.0
1.442054271697998,3,DF,0.01442054271697998,0.0,0.0,0.0002832749063679918,-0.006218427840890219,-0.0051245097551444315,0.72,-0.18,1.0
1.442054271697998,3,DF,0.01442054271697998,0.0,0.0,-0.0038222864352229127,-0.01665466788425774,-0.004657970903452479,0.72,-0.18,1.0
1.442054271697998,3,DF,0.01442054271697998,0.0,0.0,0.008072762088114402,-0.02045759418099627,-0.008276019083806657,0.72,-0.18,1.0
1.442054271697998,3,DF,0.01442054271697998,0.0,0.0,-0.00044153034567118225,-0.017190945306976037,-0.011150768492478895,0.72,-0.18,1.0
1.442054271697998,3,DF,0.01442054271697998,0.0,0.0,-2.406487183138033e-05,-0.026699488417237616,-0.014811367424108499,0.72,-0.18,1.0
1.442054271697998,3,DF,0.01442054271697998,0.0,0.0,0.0084538962391662,-0.021815008180927704,-0.018029952437412636,0.72,-0.18,1.0
1.442054271697998,3,DF,0.01442054271697998,0.0,0.0,0.007532217186038172,-0.02012085247253607,-0.01710190044679422,0.72,-0.18,1.0
1.442054271697998,3,DF,0.01442054271697998,0.0,0.0,0.018472971583997154,-0.009527981663987146,-0.014366385022608733,0.72,-0.18,1.0
1.442054271697998,3,DF,0.01442054271697998,0.0,0.0,0.011586956006826618,-0.006973661289044938,-0.013566943238175658,0.72,-0.18,1.0
1.442054271697998,3,DF,0.01442054271697998,0.0,0.0,0.006591792735459415,-0.01664243247781259,-0.013069720660508079,0.72,-0.18,1.0
1.4823753833770752,3,DF,0.014823753833770752,0.0,0.0,0.009154861938183332,-0.011440846675582735,-0.009961944418129458,0.72,-0.18,1.0
1.4823753833770752,3,DF,0.014823753833770752,0.0,0.0,0.0009400867225067639,-0.01596378373127375,-0.014233488777932611,0.72,-0.18,1.0
1.4823753833770752,3,DF,0.014823753833770752,0.0,0.0,0.0013644005363819915,-0.015307316548021166,-0.004714200831465632,0.72,-0.18,1.0
1.4823753833770752,3,DF,0.014823753833770752,0.0,0.0,0.005733311819351325,-0.022864186393516867,0.0025217532301562676,0.72,-0.18,1.0
1.4823753833770752,3,DF,0.014823753833770752,0.0,0.0,-0.004046196376632808,-0.016640931893920064,0.00845779263636458,0.72,-0.18,1.0
1.4823753833770752,3,DF,0.014823753833770752,0.0,0.0,-0.0026117645591369216,-0.023976484353862043,0.0004907354030661699,0.72,-0.18,1.0
1.4823753833770752,3,DF,0.014823753833770752,0.0,0.0,-0.001240551748887358,-0.019946121535635516,0.003462957093215286,0.72,-0.18,1.0
1.4823753833770752,3,DF,0.014823753833770752,0.0,0.0,0.005772919757008107,-0.023285381532499008,-0.0006810034132008084,0.72,-0.18,1.0
1.4823753833770752,3,DF,0.014823753833770752,0.0,0.0,-0.0005845922449972661,-0.01562947311825473,0.001404096484547317,0.72,-0.18,1.0
1.4823753833770752,3,DF,0.014823753833770752,0.0,0.0,0.002633407400810392,-0.01687207215953144,-0.005804870962829582,0.72,-0.18,1.0
1.5327684879302979,3,DF,0.015327684879302979,0.0,0.0,0.0001170780432867098,-0.017842833196293314,-0.005028364803219419,0.72,-0.18,1.0
1.5327684879302979,3,DF,0.015327684879302979,0.0,0.0,6.819587885397757e-05,-0.011663028850488932,-0.0035335995492927633,0.72,-0.18,1.0
1.5327684879302979,3,DF,0.015327684879302979,0.0,0.0,0.0076248292257203075,-0.010224932681303716,-0.0020784070242873443,0.72,-0.18,1.0
1.5327684879302979,3,DF,0.015327684879302979,0.0,0.0,0.008193404109586631,-0.004708565361836842,-0.01111698691431076,0.72,-0.18,1.0
1.5327684879302979,3,DF,0.015327684879302979,0.0,0.0,-0.0036307874062246953,-0.003579175136898088,-0.005339886945284657,0.72,-0.18,1.0
1.5327684879302979,3,DF,0.015327684879302979,0.0,0.0,0.003652957268667279,-0.004107454649049856,-0.009497200041482688,0.72,-0.18,1.0
1.5327684879302979,3,DF,0.015327684879302979,0.0,0.0,3.702708165502132e-05,-0.007978717792629268,0.0005685917862040439,0.72,-0.18,1.0
1.5327684879302979,3,DF,0.015327684879302979,0.0,0.0,0.002553932281714224,-0.0074384966759930135,-0.0048523131511851725,0.72,-0.18,1.0
1.5327684879302979,3,DF,0.015327684879302979,0.0,0.0,-0.00032332005032254375,-0.012621226553955452,0.002077526292252347,0.72,-0.18,1.0
1.5327684879302979,3,DF,0.015327684879302979,0.0,0.0,0.00843725552998021,-0.01604756658152278,0.007831308202348826,0.72,-0.18,1.0
1.573061227798462,3,DF,0.01573061227798462,0.0,0.0,-0.004864882002168025,-0.003341930630249061,0.007581789483807497,0.72,-0.18,1.0
1.573061227798462,3,DF,0.01573061227798462,0.0,0.0,-3.7999934614747594e-05,0.0009625741638003019,0.0010114668915691529,0.72,-0.18,1.0
1.573061227798462,3,DF,0.01573061227798462,0.0,0.0,0.003602854582814456,-0.004085695760096331,0.00785092086095185,0.72,-0.18,1.0
1.573061227798462,3,DF,0.01573061227798462,0.0,0.0,0.00312203127013746,-0.0038946700213474783,0.0015781136088950385,0.72,-0.18,1.0
1.573061227798462,3,DF,0.01573061227798462,0.0,0.0,0.0008496564122508064,-0.003397850299507588,-0.0028550710195828096,0.72,-0.18,1.0
1.573061227798462,3,DF,0.01573061227798462,0.0,0.0,0.0038372976628450383,-0.011185541571017022,-0.003604354355697625,0.72,-0.18,1.0
1.573061227798462,3,DF,0.01573061227798462,0.0,0.0,0.01304333003342845,-0.01873402792246457,-0.006563670159779606,0.72,-0.18,1.0
1.573061227798462,3,DF,0.01573061227798462,0.0,0.0,0.00924314175036561,-0.024159077381356676,-0.0031127634492122778,0.72,-0.18,1.0
1.573061227798462,3,DF,0.01573061227798462,0.0,0.0,0.014111878688796844,-0.021879880666121163,-0.005597233901961437,0.72,-0.18,1.0
1.573061227798462,3,DF,0.01573061227798462,0.0,0.0,0.007280324497639338,-0.012614272880187797,-0.0027594320187548545,0.72,-0.18,1.0
1.6133687496185303,3,DF,0.016133687496185302,0.0,0.0,0.004893130653564952,-0.011607489886686636,-0.00546759781205781,0.72,-0.18,1.0
1.6133687496185303,3,DF,0.016133687496185302,0.0,0.0,0.013367718908519245,-0.01665622024338219,-0.009696290069972878,0.72,-0.18,1.0
1.6133687496185303,3,DF,0.016133687496185302,0.0,0.0,0.0028489960245832494,-0.016322405759886943,-0.006331608442527583,0.72,-0.18,1.0
1.6133687496185303,3,DF,0.016133687496185302,0.0,0.0,0.001627860741022617,-0.013551893717502358,-0.0045261530704061165,0.72,-0.18,1.0
1.6133687496185303,3,DF,0.016133687496185302,0.0,0.0,0.009053754480861965,-0.015576494516913491,-0.005408353040235962,0.72,-0.18,1.0
1.6133687496185303,3,DF,0.016133687496185302,0.0,0.0,0.008239453418809104,-0.00979940891042227,-0.004569236342049597,0.72,-0.18,1.0
1.6133687496185303,3,DF,0.016133687496185302,0.0,0.0,0.008375521923009136,-0.013257598155548509,-0.0012403325514390104,0.72,-0.18,1.0
1.6133687496185303,3,DF,0.016133687496185302,0.0,0.0,0.0031281086424481625,-0.016817716107068434,-0.006970123170305483,0.72,-0.18,1.0
1.6133687496185303,3,DF,0.016133687496185302,0.0,0.0,0.012353308072619616,-0.014448905777906217,-0.010454451765710327,0.72,-0.18,1.0
1.6133687496185303,3,DF,0.016133687496185302,0.0,0.0,0.012352042195646869,-0.012295160832058508,-0.011637690811334383,0.72,-0.18,1.0
1.6536738872528076,3,DF,0.016536738872528076,0.0,0.0,0.0037091867867825937,-0.011476705633809698,-0.0026946055830596254,0.72,-0.18,1.0
1.6536738872528076,3,DF,0.016536738872528076,0.0,0.0,0.012492389070425387,-0.014328248322377564,-0.005923218817774832,0.72,-0.18,1.0
1.6536738872528076,3,DF,0.016536738872528076,0.0,0.0,0.008036253264662624,-0.014731060211631525,-0.006530647371698033,0.72,-0.18,1.0
1.6536738872528076,3,DF,0.016536738872528076,0.0,0.0,0.011922476685169263,-0.013067040021108142,-0.005005373049005497,0.72,-0.18,1.0
1.6536738872528076,3,DF,0.016536738872528076,0.0,0.0,0.0031925089249404772,-0.008120072121764002,-0.0030153731074235176,0.72,-0.18,1.0
1.6536738872528076,3,DF,0.016536738872528076,0.0,0.0,0.004582334375955932,-0.013949693794018425,-0.0066653373440913695,0.72,-0.18,1.0
1.6536738872528076,3,DF,0.016536738872528076,0.0,0.0,0.0020019401371789446,-0.008065081947562544,0.0016806758571716982,0.72,-0.18,1.0
1.6536738872528076,3,DF,0.016536738872528076,0.0,0.0,0.0022819755333356624,-0.008636804230150173,-0.004231946315402131,0.72,-0.18,1.0
1.6536738872528076,3,DF,0.016536738872528076,0.0,0.0,0.0005418349854642193,-0.010165314659381896,-0.0037452290112463715,0.72,-0.18,1.0
1.6536738872528076,3,DF,0.016536738872528076,0.0,0.0,0.005964194946201021,-0.0156617822021481,-0.007986621108537584,0.72,-0.18,1.0
1.7041103839874268,3,DF,0.01704110383987427,0.0,0.0,0.007957647779894491,-0.02052525507333021,-0.00927834038684679,0.72,-0.18,1.0
1.7041103839874268,3,DF,0.01704110383987427,0.0,0.0,0.012148857033471941,-0.023443252593868962,-0.008176665982877756,0.72,-0.18,1.0
1.7041103839874268,3,DF,0.01704110383987427,0.0,0.0,0.001380581430115317,-0.020761014721682913,-0.008926032155418909,0.72,-0.18,1.0
1.7041103839874268,3,DF,0.01704110383987427,0.0,0.0,0.0032809507344676047,-0.016818128177261832,-0.010190245906015635,0.72,-0.18,1.0
1.7041103839874268,3,DF,0.01704110383987427,0.0,0.0,0.005198613252148936,-0.013137994155288098,-0.013365660574539764,0.72,-0.18,1.0
1.7041103839874268,3,DF,0.01704110383987427,0.0,0.0,0.01581649804193853,-0.007541468721838389,-0.008247406716823112,0.72,-0.18,1.0
1.7041103839874268,3,DF,0.01704110383987427,0.0,0.0,0.01974898618849161,-0.003629583196805383,-0.01244413923342152,0.72,-0.18,1.0
1.7041103839874268,3,DF,0.01704110383987427,0.0,0.0,0.016419792671607803,-0.0010289288176286967,-0.01353753059610535,0.72,-0.18,1.0
1.7041103839874268,3,DF,0.01704110383987427,0.0,0.0,0.008406694754458498,0.00045968725171163555,-0.008215322162371834,0.72,-0.18,1.0
1.7041103839874268,3,DF,0.01704110383987427,0.0,0.0,0.00429915578183087,-0.003395071848362668,-0.009910536011223197,0.72,-0.18,1.0
1.7444343566894531,3,DF,0.017444343566894532,0.0,0.0,-0.0018570553562640567,-0.010709077930755434,-0.006792367294364941,0.72,-0.18,1.0
1.7444343566894531,3,DF,0.017444343566894532,0.0,0.0,0.006370857961711641,-0.01590958657603962,-0.0035101412696346133,0.72,-0.18,1.0
1.7444343566894531,3,DF,0.017444343566894532,0.0,0.0,0.002874450228818193,-0.010595963550262889,-0.00413816787658819,0.72,-0.18,1.0
1.7444343566894531,3,DF,0.017444343566894532,0.0,0.0,0.010961967969797454,-0.01968561365714936,-0.006956872427720424,0.72,-0.18,1.0
1.7444343566894531,3,DF,0.017444343566894532,0.0,0.0,0.004735702438745547,-0.027250376495375574,-0.005188494548244959,0.72,-0.18,1.0
1.7444343566894531,3,DF,0.017444343566894532,0.0,0.0,0.014414588953025557,-0.018468210429211915,-0.009789378188597715,0.72,-0.18,1.0
1.7444343566894531,3,DF,0.017444343566894532,0.0,0.0,0.009330902671786545,-0.0029252015786922834,-0.01199170122394184,0.72,-0.18,1.0
1.7444343566894531,3,DF,0.017444343566894532,0.0,0.0,0.0022079544463880388,-0.02358776186968114,-0.007467358778381834,0.72,-0.18,1.0
1.7444343566894531,3,DF,0.017444343566894532,0.0,0.0,0.004419445669073225,-0.024299276459484185,-0.0027504670941606406,0.72,-0.18,1.0
1.7444343566894531,3,DF,0.017444343566894532,0.0,0.0,0.0035016880584153682,-0.030228624452217488,-0.008017320649296776,0.72,-0.18,1.0
1.7847228050231934,3,DF,0.017847228050231933,0.0,0.0,0.007087434493651708,-0.02559600367702488,-0.011043935097626965,0.72,-0.18,1.0
1.7847228050231934,3,DF,0.017847228050231933,0.0,0.0,0.004091055944324874,-0.03420064958816666,-0.007442513085230869,0.72,-0.18,1.0
1.7847228050231934,3,DF,0.017847228050231933,0.0,0.0,0.004588601322268689,-0.027338566291234646,-0.006249440348877023,0.72,-0.18,1.0
1.7847228050231934,3,DF,0.017847228050231933,0.0,0.0,0.01309271960690694,-0.019200973332082063,-0.015602594767761302,0.72,-0.18,1.0
1.7847228050231934,3,DF,0.017847228050231933,0.0,0.0,0.015007749257061262,-0.007073708250123502,-0.017346844855533446,0.72,-0.18,1.0
1.7847228050231934,3,DF,0.017847228050231933,0.0,0.0,0.008724515590393079,-0.010988790168763739,-0.00850340227352664,0.72,-0.18,1.0
1.7847228050231934,3,DF,0.017847228050231933,0.0,0.0,0.009536097334577612,-0.0031959836708404313,-0.0161399613173263,0.72,-0.18,1.0
1.7847228050231934,3,DF,0.017847228050231933,0.0,0.0,0.016517625465366902,-0.004663333600083215,-0.012504764934272177,0.72,-0.18,1.0
1.7847228050231934,3,DF,0.017847228050231933,0.0,0.0,0.01316568249642923,-0.00442084780131546,-0.014422418053215445,0.72,-0.18,1.0
1.7847228050231934,3,DF,0.017847228050231933,0.0,0.0,0.008686448112207108,-0.0025289710875306824,-0.0078020549967583,0.72,-0.18,1.0
1.8250377178192139,3,DF,0.01825037717819214,0.0,0.0,0.011932139359615958,-0.004144435853439125,-3.993341048265282e-05,0.72,-0.18,1.0
1.8250377178192139,3,DF,0.01825037717819214,0.0,0.0,0.012379027833950361,-0.009539431907931674,-0.013283545869936445,0.72,-0.18,1.0
1.8250377178192139,3,DF,0.01825037717819214,0.0,0.0,0.004328999367152816,-0.01435026464769962,-0.00963918542338351,0.72,-0.18,1.0
1.8250377178192139,3,DF,0.01825037717819214,0.0,0.0,0.018108778931152716,-0.012622927529364945,-0.010615601536628032,0.72,-0.18,1.0
1.8250377178192139,3,DF,0.01825037717819214,0.0,0.0,0.005442180270574198,-0.012429601099514413,-0.007537022613254985,0.72,-0.18,1.0
1.8250377178192139,3,DF,0.01825037717819214,0.0,0.0,0.01454806663776015,-0.012960263924294313,-0.006513457694062605,0.72,-0.18,1.0
1.8250377178192139,3,DF,0.01825037717819214,0.0,0.0,0.0034747535122146103,-0.00766361384654148,-0.005795645949469633,0.72,-0.18,1.0
1.8250377178192139,3,DF,0.01825037717819214,0.0,0.0,0.012478321653871888,-0.011363642715665277,0.001244457649003071,0.72,-0.18,1.0
1.8250377178192139,3,DF,0.01825037717819214,0.0,0.0,0.014267607929650516,-0.01738883619290607,-0.012938043067104586,0.72,-0.18,1.0
1.8250377178192139,3,DF,0.01825037717819214,0.0,0.0,0.0008138089173603632,-0.012015838498158848,-0.0017992849939168919,0.72,-0.18,1.0
1.8754212856292725,3,DF,0.018754212856292723,0.0,0.0,0.004678465773042864,-0.014334039497768594,-0.0024450781320445145,0.72,-0.18,1.0
1.8754212856292725,3,DF,0.018754212856292723,0.0,0.0,-0.0036335310572480632,-0.019770184976523972,-0.00282070109829059,0.72,-0.18,1.0
1.8754212856292725,3,DF,0.018754212856292723,0.0,0.0,0.011683712779214353,-0.024121852385131728,-0.006561020735667356,0.72,-0.18,1.0
1.8754212856292725,3,DF,0.018754212856292723,0.0,0.0,-0.000918640976127898,-0.017909337095665723,-0.007458859873804929,0.72,-0.18,1.0
1.8754212856292725,3,DF,0.018754212856292723,0.0,0.0,0.0010429701750674521,-0.009266631472331643,-0.003455003752624798,0.72,-0.18,1.0
1.8754212856292725,3,DF,0.018754212856292723,0.0,0.0,-0.00016809044311587713,-0.004568462382805559,0.008336899040173575,0.72,-0.18,1.0
1.8754212856292725,3,DF,0.018754212856292723,0.0,0.0,0.007369762095813571,-0.0037737308208068273,0.0012676520460911905,0.72,-0.18,1.0
1.8754212856292725,3,DF,0.018754212856292723,0.0,0.0,0.009563798332249282,-0.009033489730036575,0.003541015415793382,0.72,-0.18,1.0
1.8754212856292725,3,DF,0.018754212856292723,0.0,0.0,0.014247156027315298,-0.0020982515907276675,0.0007047850716280401,0.72,-0.18,1.0
1.9157264232635498,3,DF,0.019157264232635498,0.0,0.0,0.010369705915338938,-0.012266051774533155,-0.004491096928309063,0.72,-0.18,1.0
1.9157264232635498,3,DF,0.019157264232635498,0.0,0.0,0.012953705199160169,-0.00616588837871368,-0.005665360029848303,0.72,-0.18,1.0
1.9157264232635498,3,DF,0.019157264232635498,0.0,0.0,0.01942908208334498,-0.011246428927943836,-0.010473408113697392,0.72,-0.18,1.0
1.9157264232635498,3,DF,0.019157264232635498,0.0,0.0,0.007974186522651307,-0.01988583370138603,-0.0009054117960293603,0.72,-0.18,1.0
1.9157264232635498,3,DF,0.019157264232635498,0.0,0.0,0.007260960887408705,-0.016471549210159742,-0.005514946621328671,0.72,-0.18,1.0
1.9157264232635498,3,DF,0.019157264232635498,0.0,0.0,0.01726685865164036,-0.007276495441933791,-0.007092557620491538,0.72,-0.18,1.0
1.9157264232635498,3,DF,0.019157264232635498,0.0,0.0,0.01424886332576276,-0.0015325416865837262,-0.010905702972648602,0.72,-0.18,1.0
1.9157264232635498,3,DF,0.019157264232635498,0.0,0.0,0.022281337847985964,-0.01367034861839035,-0.01019251236856786,0.72,-0.18,1.0
1.9157264232635498,3,DF,0.019157264232635498,0.0,0.0,0.018663905089435658,-0.006819378950670127,-0.0026442785555443786,0.72,-0.18,1.0
1.9157264232635498,3,DF,0.019157264232635498,0.0,0.0,0.015608121214294885,-0.013264351547265954,-0.004349983489160153,0.72,-0.18,1.0
1.956012487411499,3,DF,0.01956012487411499,0.0,0.0,0.006951446345831029,-0.016434380114212905,-0.002009817553001124,0.72,-0.18,1.0
1.956012487411499,3,DF,0.01956012487411499,0.0,0.0,0.012460466280945012,-0.019172686669945496,-0.0013126085501634075,0.72,-0.18,1.0
1.956012487411499,3,DF,0.01956012487411499,0.0,0.0,0.012454302222042005,-0.01690532280529996,-0.0037427776826288043,0.72,-0.18,1.0
1.956012487411499,3,DF,0.01956012487411499,0.0,0.0,0.014961793979577679,-0.01454026770776163,-0.006376389786979199,0.72,-0.18,1.0
1.956012487411499,3,DF,0.01956012487411499,0.0,0.0,0.011469519214271647,-0.008676846632106232,-0.00792563970454359,0.72,-0.18,1.0
1.956012487411499,3,DF,0.01956012487411499,0.0,0.0,0.014866608461139845,-0.0015197768881818482,-0.014968370237770205,0.72,-0.18,1.0
1.956012487411499,3,DF,0.01956012487411499,0.0,0.0,0.018650590441988378,-0.013401658377956083,-0.014772942756795079,0.72,-0.18,1.0
1.956012487411499,3,DF,0.01956012487411499,0.0,0.0,0.008775580078951056,-0.01490326639271894,-0.006582556181265458,0.72,-0.18,1.0
1.956012487411499,3,DF,0.01956012487411499,0.0,0.0,0.003885619911144445,-0.016777249517532136,-0.010589035911944312,0.72,-0.18,1.0
1.956012487411499,3,DF,0.01956012487411499,0.0,0.0,0.005970348143407685,-0.020586583377629128,-0.010253714363679075,0.72,-0.18,1.0
2.0063726902008057,3,DF,0.020063726902008056,0.0,0.0,0.003265455366304632,-0.016931829063646615,-0.007049117708119399,0.72,-0.18,1.0
2.0063726902008057,3,DF,0.020063726902008056,0.0,0.0,-0.00035127309898584045,-0.021990677965190428,1.8935836484490677e-05,0.72,-0.18,1.0
2.0063726902008057,3,DF,0.020063726902008056,0.0,0.0,0.012667244646358359,-0.017904953071666847,0.0005715053477748467,0.72,-0.18,1.0
2.0063726902008057,3,DF,0.020063726902008056,0.0,0.0,0.0044965599797110595,-0.02115413928611336,0.0005988232664207259,0.72,-0.18,1.0
2.0063726902008057,3,DF,0.020063726902008056,0.0,0.0,0.02016557674753458,-0.025482100281485176,-0.005325036949351218,0.72,-0.18,1.0
2.0063726902008057,3,DF,0.020063726902008056,0.0,0.0,0.01025368171945098,-0.02023318250153385,-0.004346583519409535,0.72,-0.18,1.0
2.0063726902008057,3,DF,0.020063726902008056,0.0,0.0,0.007576386924592122,-0.026685535947243107,-0.00955722345288313,0.72,-0.18,1.0
2.0063726902008057,3,DF,0.020063726902008056,0.0,0.0,0.01069428355058311,-0.030420611190621456,-0.001976069276155097,0.72,-0.18,1.0
2.0063726902008057,3,DF,0.020063726902008056,0.0,0.0,0.01662713911587246,-0.028752309204138248,-0.00851560897975648,0.72,-0.18,1.0
2.0063726902008057,3,DF,0.020063726902008056,0.0,0.0,0.009927222198173952,-0.02161775702339302,-0.010071872233905236,0.72,-0.18,1.0
2.0466909408569336,3,DF,0.020466909408569336,0.0,0.0,0.015854300168355335,-0.01616241593741692,-0.009804101751644057,0.72,-0.18,1.0
2.0466909408569336,3,DF,0.020466909408569336,0.0,0.0,0.004478000292178278,-0.012180991654309027,-0.009379168585923688,0.72,-0.18,1.0
2.0466909408569336,3,DF,0.020466909408569336,0.0,0.0,0.014766774346140129,-0.012212256403560242,-0.010904933686628574,0.72,-0.18,1.0
2.0466909408569336,3,DF,0.020466909408569336,0.0,0.0,0.018624626008163156,-0.020678522554950382,-0.013592677521293131,0.72,-0.18,1.0
2.0466909408569336,3,DF,0.020466909408569336,0.0,0.0,0.006020847782850451,-0.019208268006498667,-0.015596515809613694,0.72,-0.18,1.0
2.0466909408569336,3,DF,0.020466909408569336,0.0,0.0,0.015927104763120287,-0.01265734291171617,-0.012493534901010203,0.72,-0.18,1.0
2.0466909408569336,3,DF,0.020466909408569336,0.0,0.0,0.013392513383362354,-0.009646031928680757,-0.015126055172957448,0.72,-0.18,1.0
2.0466909408569336,3,DF,0.020466909408569336,0.0,0.0,-9.535755223209333e-05,-0.007675744030782993,-0.020497916917877456,0.72,-0.18,1.0
2.0466909408569336,3,DF,0.020466909408569336,0.0,0.0,-0.014415535486431513,-0.01566573640213371,-0.025708326130611896,0.72,-0.18,1.0
2.0466909408569336,3,DF,0.020466909408569336,0.0,0.0,-0.007817627089064244,-0.01396726255300352,-0.012858392325061967,0.72,-0.18,1.0
2.0869815349578857,3,DF,0.02086981534957886,0.0,0.0,0.011597402990212955,-0.01031183571327656,-0.013958456680113356,0.72,-0.18,1.0
2.0869815349578857,3,DF,0.02086981534957886,0.0,0.0,0.02332403382336683,-0.01403326791735557,-0.003509551094071979,0.72,-0.18,1.0
2.0869815349578857,3,DF,0.02086981534957886,0.0,0.0,0.01627639097714283,-0.008364537026559246,-0.001976597154604105,0.72,-0.18,1.0
2.0869815349578857,3,DF,0.02086981534957886,0.0,0.0,0.02425173973557017,-8.680922495174257e-05,-0.0043912109133237825,0.72,-0.18,1.0
2.0869815349578857,3,DF,0.02086981534957886,0.0,0.0,0.028748519014743894,-0.00608217373983356,-0.004922016349581947,0.72,-0.18,1.0
2.0869815349578857,3,DF,0.02086981534957886,0.0,0.0,0.036324758388865105,0.0004154805803299377,-0.0058726787916774026,0.72,-0.18,1.0
2.0869815349578857,3,DF,0.02086981534957886,0.0,0.0,0.038957309282746176,-0.005588935373013793,-0.008717640958308012,0.72,-0.18,1.0
2.0869815349578857,3,DF,0.02086981534957886,0.0,0.0,0.02193050511059806,-0.010541097861435107,0.005071629762432212,0.72,-0.18,1.0
2.0869815349578857,3,DF,0.02086981534957886,0.0,0.0,0.022346486571098327,-0.010111342686049506,0.0029055069380915753,0.72,-0.18,1.0
2.0869815349578857,3,DF,0.02086981534957886,0.0,0.0,0.008876774597743583,-0.0025636251349620363,-0.000871638882231551,0.72,-0.18,1.0
2.1272897720336914,3,DF,0.021272897720336914,0.0,0.0,0.0074637327425630074,-0.011179982518311376,0.0013554966471815478,0.72,-0.18,1.0
2.1272897720336914,3,DF,0.021272897720336914,0.0,0.0,0.002334187019918329,-0.007769018946911413,-0.007870574794144446,0.72,-0.18,1.0
2.1272897720336914,3,DF,0.021272897720336914,0.0,0.0,-0.010136321591901538,-0.008570825751799389,0.003396986009218494,0.72,-0.18,1.0
2.1272897720336914,3,DF,0.021272897720336914,0.0,0.0,-0.013752168707045681,-0.019672967049933883,0.0026950906861806677,0.72,-0.18,1.0
2.1272897720336914,3,DF,0.021272897720336914,0.0,0.0,-0.015783214618939584,-0.009623758795143015,0.003008686787221623,0.72,-0.18,1.0
2.1272897720336914,3,DF,0.021272897720336914,0.0,0.0,-0.0009592544066307703,-0.020499458823919806,-0.005184355803835703,0.72,-0.18,1.0
2.1272897720336914,3,DF,0.021272897720336914,0.0,0.0,0.004133441153614914,-0.010772231392045719,-0.011177078943564334,0.72,-0.18,1.0
2.1272897720336914,3,DF,0.021272897720336914,0.0,0.0,0.015016019621162639,-0.00851180680324099,-0.005850473334223156,0.72,-0.18,1.0
2.1272897720336914,3,DF,0.021272897720336914,0.0,0.0,0.01724917606687721,-0.0015613436282738953,0.00024555013162492144,0.72,-0.18,1.0
2.1272897720336914,3,DF,0.021272897720336914,0.0,0.0,0.004277766549091476,0.00018459279666729374,-0.005440294281820663,0.72,-0.18,1.0
2.177670478820801,3,DF,0.021776704788208007,0.0,0.0,0.005489873474864615,-0.0031030036293317885,0.0015093431280026103,0.72,-0.18,1.0
2.177670478820801,3,DF,0.021776704788208007,0.0,0.0,0.013583798592223828,-0.010092601619953928,0.0037347996649433907,0.72,-0.18,1.0
2.177670478820801,3,DF,0.021776704788208007,0.0,0.0,0.008042512299267106,-0.016482334401198884,0.00698754079731339,0.72,-0.18,1.0
2.177670478820801,3,DF,0.021776704788208007,0.0,0.0,-0.00024646588840400625,-0.010951158663708311,0.005324360564573614,0.72,-0.18,1.0
2.177670478820801,3,DF,0.021776704788208007,0.0,0.0,0.0028004027122154724,-0.011925352602133885,0.006639585893447021,0.72,-0.18,1.0
2.177670478820801,3,DF,0.021776704788208007,0.0,0.0,0.015619859402442988,-0.002245129784213809,-0.004188510119089402,0.72,-0.18,1.0
2.177670478820801,3,DF,0.021776704788208007,0.0,0.0,0.010483229637154168,-0.007998390101212106,-0.007266181021610767,0.72,-0.18,1.0
2.177670478820801,3,DF,0.021776704788208007,0.0,0.0,0.013886589858701882,-0.010246708404971303,-0.00016709798316571952,0.72,-0.18,1.0
2.177670478820801,3,DF,0.021776704788208007,0.0,0.0,0.012376431683200944,-0.012882769403789365,-0.0011300674177374432,0.72,-0.18,1.0
2.177670478820801,3,DF,0.021776704788208007,0.0,0.0,0.016918035190945653,-0.021251178761739167,-0.004344233491208265,0.72,-0.18,1.0
2.2179806232452393,3,DF,0.022179806232452394,0.0,0.0,0.015594602749615029,-0.023580493374437857,-0.006397107424142995,0.72,-0.18,1.0
2.2179806232452393,3,DF,0.022179806232452394,0.0,0.0,0.01314581262507034,-0.02403318788625922,-0.010166824077875908,0.72,-0.18,1.0
2.2179806232452393,3,DF,0.022179806232452394,0.0,0.0,0.013255592224605057,-0.020876593865976432,-0.012093587070639896,0.72,-0.18,1.0
2.2179806232452393,3,DF,0.022179806232452394,0.0,0.0,0.021131512539605483,-0.02118002138596444,-0.007473371072385405,0.72,-0.18,1.0
2.2179806232452393,3,DF,0.022179806232452394,0.0,0.0,0.017207441653366632,-0.026249229548955758,-0.006941177408622079,0.72,-0.18,1.0
2.2179806232452393,3,DF,0.022179806232452394,0.0,0.0,0.0167183029418107,-0.022258354896333495,-0.011842562108624909,0.72,-0.18,1.0
2.2179806232452393,3,DF,0.022179806232452394,0.0,0.0,0.01245767088538973,-0.030609502934242083,-0.014333545851186652,0.72,-0.18,1.0
2.2179806232452393,3,DF,0.022179806232452394,0.0,0.0,0.026481773561742524,-0.009184470393207954,-0.013444068376717962,0.72,-0.18,1.0
2.2179806232452393,3,DF,0.022179806232452394,0.0,0.0,0.012926807329528712,-0.01688881365079629,-0.012401674563884243,0.72,-0.18,1.0
2.2179806232452393,3,DF,0.022179806232452394,0.0,0.0,0.008151843949476892,-0.02152990908838868,-0.013362432977455036,0.72,-0.18,1.0
2.2582826614379883,3,DF,0.022582826614379884,0.0,0.0,0.009153145202377368,-0.017406186796713363,-0.0166705910359728,0.72,-0.18,1.0
2.2582826614379883,3,DF,0.022582826614379884,0.0,0.0,0.012702068071964348,-0.012335977989685472,-0.012419197295258005,0.72,-0.18,1.0
2.2582826614379883,3,DF,0.022582826614379884,0.0,0.0,0.011544547251431954,-0.014358393147252492,-0.011172782145553029,0.72,-0.18,1.0
2.2582826614379883,3,DF,0.022582826614379884,0.0,0.0,0.014922980466893214,-0.0025514531791978436,-0.012486582089809984,0.72,-0.18,1.0
2.2582826614379883,3,DF,0.022582826614379884,0.0,0.0,0.021167739083803677,-0.008682677976451118,-0.004487280488432763,0.72,-0.18,1.0
2.2582826614379883,3,DF,0.022582826614379884,0.0,0.0,0.02300248891974724,-0.008616580962608542,-0.007677047170551839,0.72,-0.18,1.0
2.2582826614379883,3,DF,0.022582826614379884,0.0,0.0,0.014583156619883643,-0.004650968244343904,0.00041102248534672135,0.72,-0.18,1.0
2.2582826614379883,3,DF,0.022582826614379884,0.0,0.0,0.012794400724171756,-0.00690816646905315,0.0002460906614036218,0.72,-0.18,1.0
2.2582826614379883,3,DF,0.022582826614379884,0.0,0.0,0.014233075555523405,0.0008794809020457269,0.0012322225879062075,0.72,-0.18,1.0
2.2582826614379883,3,DF,0.022582826614379884,0.0,0.0,0.02272730750487176,-0.0066522528011217575,-0.0030904942640879595,0.72,-0.18,1.0
2.298567295074463,3,DF,0.02298567295074463,0.0,0.0,0.02456596804518146,-0.01069139095856474,-0.002562748972571547,0.72,-0.18,1.0
2.298567295074463,3,DF,0.02298567295074463,0.0,0.0,0.025073493872470154,-0.020569513171907,-2.486452701020095e-05,0.72,-0.18,1.0
2.298567295074463,3,DF,0.02298567295074463,0.0,0.0,0.0274782676252689,-0.01699435521469629,-0.0059735289547742845,0.72,-0.18,1.0
2.298567295074463,3,DF,0.02298567295074463,0.0,0.0,0.025131313588102656,-0.010236808645454938,-0.009797305561131602,0.72,-0.18,1.0
2.298567295074463,3,DF,0.02298567295074463,0.0,0.0,0.025186621768243957,-0.014283322800435498,-0.011937517931220176,0.72,-0.18,1.0
2.298567295074463,3,DF,0.02298567295074463,0.0,0.0,0.02253173825124243,-0.008095677719176162,-0.01284664305854388,0.72,-0.18,1.0
2.298567295074463,3,DF,0.02298567295074463,0.0,0.0,0.025748954098735236,-0.0025737031983855425,-0.0024230557678643636,0.72,-0.18,1.0
2.298567295074463,3,DF,0.02298567295074463,0.0,0.0,0.01886227694910217,-0.00793983732735536,0.004487618132219721,0.72,-0.18,1.0
2.298567295074463,3,DF,0.02298567295074463,0.0,0.0,0.02084859740317778,-0.0006231223997238016,-0.0016713411832528827,0.72,-0.18,1.0
2.298567295074463,3,DF,0.02298567295074463,0.0,0.0,0.024321169462179056,0.001996040910616305,-0.003313120952834745,0.72,-0.18,1.0
2.348958730697632,3,DF,0.02348958730697632,0.0,0.0,0.015158615454062736,-0.003018916342687172,-0.010581254603076046,0.72,-0.18,1.0
2.348958730697632,3,DF,0.02348958730697632,0.0,0.0,0.01859442554122153,-0.0037347370532262473,-0.0017049845832401225,0.72,-0.18,1.0
2.348958730697632,3,DF,0.02348958730697632,0.0,0.0,0.019455369936686596,-0.007375760773095888,-0.005692245689180755,0.72,-0.18,1.0
2.348958730697632,3,DF,0.02348958730697632,0.0,0.0,0.022592442347971448,-0.008573506640481503,-0.007707744471319803,0.72,-0.18,1.0
2.348958730697632,3,DF,0.02348958730697632,0.0,0.0,0.018267126559548458,-0.011339533561795956,-0.007682957547364345,0.72,-0.18,1.0
2.348958730697632,3,DF,0.02348958730697632,0.0,0.0,0.018576965938118455,-0.015167675672766095,-0.005347021089423476,0.72,-0.18,1.0
2.348958730697632,3,DF,0.02348958730697632,0.0,0.0,0.004684080101412032,-0.020398953794845034,0.002421800083975792,0.72,-0.18,1.0
2.348958730697632,3,DF,0.02348958730697632,0.0,0.0,0.0177091054529486,-0.008818724657178322,-0.003546964498186951,0.72,-0.18,1.0
2.348958730697632,3,DF,0.02348958730697632,0.0,0.0,0.01651703251225009,-0.005962181262872809,-0.0063408212387198485,0.72,-0.18,1.0
2.348958730697632,3,DF,0.02348958730697632,0.0,0.0,0.009431391973637833,-0.008517589458184975,-0.0067789855128654805,0.72,-0.18,1.0
2.3892738819122314,3,DF,0.023892738819122315,0.0,0.0,0.008510407815393728,-0.0004561407715890996,-0.008312238279569992,0.72,-0.18,1.0
2.3892738819122314,3,DF,0.023892738819122315,0.0,0.0,0.0024661294462248024,-0.015441595091697659,0.0019418233804842525,0.72,-0.18,1.0
2.3892738819122314,3,DF,0.023892738819122315,0.0,0.0,0.012959206917466758,-0.004927552296308256,0.0018926305884986625,0.72,-0.18,1.0
2.3892738819122314,3,DF,0.023892738819122315,0.0,0.0,0.009634098664012707,-0.012190426548286552,-0.007176022865618501,0.72,-0.18,1.0
2.3892738819122314,3,DF,0.023892738819122315,0.0,0.0,0.007030004523363227,-0.01662738703484983,-0.007130475506639872,0.72,-0.18,1.0
2.3892738819122314,3,DF,0.023892738819122315,0.0,0.0,0.009077925368969487,-0.01017104955916557,-0.00012081580138677721,0.72,-0.18,1.0
2.3892738819122314,3,DF,0.023892738819122315,0.0,0.0,0.0022410216464342323,-0.010834083338477372,-0.0030463019163165773,0.72,-0.18,1.0
2.3892738819122314,3,DF,0.023892738819122315,0.0,0.0,-0.0006337513632306166,-0.012692216046086412,-0.003954123952348515,0.72,-0.18,1.0
2.3892738819122314,3,DF,0.023892738819122315,0.0,0.0,0.014428861858090721,0.0007314134125253152,0.006196240825814771,0.72,-0.18,1.0
2.429595470428467,3,DF,0.024295954704284667,0.0,0.0,0.0037369085628318863,0.0001988025787957489,0.008500034077022867,0.72,-0.18,1.0
2.429595470428467,3,DF,0.024295954704284667,0.0,0.0,0.00029420872513386166,-0.01436875917643919,0.002440398924297232,0.72,-0.18,1.0
2.429595470428467,3,DF,0.024295954704284667,0.0,0.0,0.011230382711270708,-0.017052699962222653,0.00033971426354440084,0.72,-0.18,1.0
2.429595470428467,3,DF,0.024295954704284667,0.0,0.0,0.009785972721442025,-0.022504692349530727,-0.007301356218839729,0.72,-0.18,1.0
2.429595470428467,3,DF,0.024295954704284667,0.0,0.0,0.012854593396162748,-0.01187007046393698,-0.004075564167730534,0.72,-0.18,1.0
2.429595470428467,3,DF,0.024295954704284667,0.0,0.0,0.010095629279302203,-0.016791671148805917,-0.0013504303314990204,0.72,-0.18,1.0
2.429595470428467,3,DF,0.024295954704284667,0.0,0.0,0.017916595698193594,-0.017224352853372326,0.004537005060089474,0.72,-0.18,1.0
2.429595470428467,3,DF,0.024295954704284667,0.0,0.0,0.014380034185746071,-0.009734903919243967,0.003234783617538194,0.72,-0.18,1.0
2.429595470428467,3,DF,0.024295954704284667,0.0,0.0,0.007105704159100355,-0.005794124928382082,0.004992905086380048,0.72,-0.18,1.0
2.429595470428467,3,DF,0.024295954704284667,0.0,0.0,0.007686739684063587,-0.011712879013999294,-0.0023988680988369336,0.72,-0.18,1.0
2.4799718856811523,3,DF,0.024799718856811523,0.0,0.0,0.020122524949796206,-0.016175226215972487,-0.0055349833004301125,0.72,-0.18,1.0
2.4799718856811523,3,DF,0.024799718856811523,0.0,0.0,0.009057797262403113,-0.01954283341503507,-0.007009377387004848,0.72,-0.18,1.0
2.4799718856811523,3,DF,0.024799718856811523,0.0,0.0,0.005932327757342041,-0.014339221954072986,-0.009988072603104248,0.72,-0.18,1.0
2.4799718856811523,3,DF,0.024799718856811523,0.0,0.0,0.013197732025654592,-0.011015747069118379,-0.0029743735324391585,0.72,-0.18,1.0
2.4799718856811523,3,DF,0.024799718856811523,0.0,0.0,0.023559516463369862,-0.018040378366731044,-0.011222264238847326,0.72,-0.18,1.0
2.4799718856811523,3,DF,0.024799718856811523,0.0,0.0,0.027657636033028118,-0.021311940764738635,-0.015580763347008222,0.72,-0.18,1.0
2.4799718856811523,3,DF,0.024799718856811523,0.0,0.0,0.021081824435151404,-0.009056316232470354,-0.009803315985815861,0.72,-0.18,1.0
2.4799718856811523,3,DF,0.024799718856811523,0.0,0.0,0.025183850820425048,-0.0050230921806945685,-0.0037369488034654573,0.72,-0.18,1.0
2.4799718856811523,3,DF,0.024799718856811523,0.0,0.0,0.0203745657598909,-0.004911112219616994,-0.0011911634390347511,0.72,-0.18,1.0
2.4799718856811523,3,DF,0.024799718856811523,0.0,0.0,0.02192769628841443,-0.0035081033018321333,0.00148627529941299,0.72,-0.18,1.0
2.520293951034546,3,DF,0.02520293951034546,0.0,0.0,0.024172420124263183,-0.0031997904509620534,0.0012826245476546757,0.72,-0.18,1.0
2.520293951034546,3,DF,0.02520293951034546,0.0,0.0,0.0207844927990941,-0.006502831869409736,-0.0011674371353304724,0.72,-0.18,1.0
2.520293951034546,3,DF,0.02520293951034546,0.0,0.0,0.014675835795372998,-0.0058138597458599625,-0.002551893338286502,0.72,-0.18,1.0
2.520293951034546,3,DF,0.02520293951034546,0.0,0.0,0.014141437300142187,-0.01131820755016797,-0.003863862873770609,0.72,-0.18,1.0
2.520293951034546,3,DF,0.02520293951034546,0.0,0.0,0.007890759631988417,-0.009064895404711403,-0.010859318825296845,0.72,-0.18,1.0
2.520293951034546,3,DF,0.02520293951034546,0.0,0.0,0.006721285388871144,-0.007446999497395088,-0.005770771400989131,0.72,-0.18,1.0
2.520293951034546,3,DF,0.02520293951034546,0.0,0.0,0.010672475347300528,-0.011101843706280184,-0.00373060068081186,0.72,-0.18,1.0
2.520293951034546,3,DF,0.02520293951034546,0.0,0.0,0.01980600528905447,-0.003943014934477009,-0.004058797807080456,0.72,-0.18,1.0
2.520293951034546,3,DF,0.02520293951034546,0.0,0.0,0.007246371373171303,-0.01913879987147742,-0.003411804261510446,0.72,-0.18,1.0
2.520293951034546,3,DF,0.02520293951034546,0.0,0.0,0.009655385702073515,-0.019601365686224753,-0.0075236901655457815,0.72,-0.18,1.0
2.560589075088501,3,DF,0.02560589075088501,0.0,0.0,0.0075086534039437896,-0.022911721781912645,-0.005264399901879221,0.72,-0.18,1.0
2.560589075088501,3,DF,0.02560589075088501,0.0,0.0,0.019967098982327614,-0.0155234735529776,-0.010268431221807097,0.72,-0.18,1.0
2.560589075088501,3,DF,0.02560589075088501,0.0,0.0,0.011369241273763566,-0.00566009596102863,-0.006966016464213195,0.72,-0.18,1.0
2.560589075088501,3,DF,0.02560589075088501,0.0,0.0,0.005879387740940346,-0.013366904050050287,-0.010492423320750196,0.72,-0.18,1.0
2.560589075088501,3,DF,0.02560589075088501,0.0,0.0,0.0010071878154320102,-0.014602328826555626,-0.011299247402916473,0.72,-0.18,1.0
2.560589075088501,3,DF,0.02560589075088501,0.0,0.0,0.008812788184379887,-0.008574860381837175,-0.005490810561090731,0.72,-0.18,1.0
2.560589075088501,3,DF,0.02560589075088501,0.0,0.0,0.0072737746339332785,-0.00586622515126136,-0.006133102644514769,0.72,-0.18,1.0
2.560589075088501,3,DF,0.02560589075088501,0.0,0.0,0.005195773197042242,-0.01266186859195343,-0.009172395852927695,0.72,-0.18,1.0
2.560589075088501,3,DF,0.02560589075088501,0.0,0.0,0.011821472107320345,-0.016161466089285998,-0.006774441902963199,0.72,-0.18,1.0
2.560589075088501,3,DF,0.02560589075088501,0.0,0.0,0.012878658413289786,-0.012607988262824832,0.0010238904619542268,0.72,-0.18,1.0
2.600886106491089,3,DF,0.02600886106491089,0.0,0.0,0.016405105583354132,-0.012509934132474003,-0.010347050047519348,0.72,-0.18,1.0
2.600886106491089,3,DF,0.02600886106491089,0.0,0.0,0.010594025016013413,-0.0206746422311682,-0.003388390536268939,0.72,-0.18,1.0
2.600886106491089,3,DF,0.02600886106491089,0.0,0.0,0.01571746929693844,-0.005001202334811813,-0.012002377311066974,0.72,-0.18,1.0
2.600886106491089,3,DF,0.02600886106491089,0.0,0.0,0.01791673232290624,-0.005540004175213596,-0.006078068723180975,0.72,-0.18,1.0
2.600886106491089,3,DF,0.02600886106491089,0.0,0.0,0.01916000902258023,-0.018555344211636075,-0.010628932367049345,0.72,-0.18,1.0
2.600886106491089,3,DF,0.02600886106491089,0.0,0.0,0.023489922378520038,-0.013904565953063575,-0.013568068565481041,0.72,-0.18,1.0
2.600886106491089,3,DF,0.02600886106491089,0.0,0.0,0.013521808417711351,-0.014874085047345912,-0.007652332519049805,0.72,-0.18,1.0
2.600886106491089,3,DF,0.02600886106491089,0.0,0.0,0.007840863037910905,-0.006860996791531245,0.000772898036149712,0.72,-0.18,1.0
2.600886106491089,3,DF,0.02600886106491089,0.0,0.0,-0.003791192542182881,-0.00784663007905203,-0.005051120289001677,0.72,-0.18,1.0
2.600886106491089,3,DF,0.02600886106491089,0.0,0.0,0.0012664110978700802,-0.019793825870228477,-0.009607561705014978,0.72,-0.18,1.0
2.6512837409973145,3,DF,0.026512837409973147,0.0,0.0,0.01455107344866631,-0.006158497243303398,-0.009695266740809798,0.72,-0.18,1.0
2.6512837409973145,3,DF,0.026512837409973147,0.0,0.0,0.012518658712870183,-0.0027034238375287247,-0.01213235345789296,0.72,-0.18,1.0
2.6512837409973145,3,DF,0.026512837409973147,0.0,0.0,0.0029660121486313204,-0.01057505839990732,-0.005818756972867362,0.72,-0.18,1.0
2.6512837409973145,3,DF,0.026512837409973147,0.0,0.0,0.013736336121728684,-0.0029000889312034038,-0.011387110718217006,0.72,-0.18,1.0
2.6512837409973145,3,DF,0.026512837409973147,0.0,0.0,0.010032702649379475,-0.010237843870697252,-0.0032472094752218315,0.72,-0.18,1.0
2.6512837409973145,3,DF,0.026512837409973147,0.0,0.0,0.011464629583910275,-0.016043828592666887,-0.009144847754662306,0.72,-0.18,1.0
2.6512837409973145,3,DF,0.026512837409973147,0.0,0.0,0.012913707287258717,-0.01267765373926422,-0.006599427241613866,0.72,-0.18,1.0
2.6512837409973145,3,DF,0.026512837409973147,0.0,0.0,0.019810292073360446,-0.012716878566754942,-0.007799947844315114,0.72,-0.18,1.0
2.6512837409973145,3,DF,0.026512837409973147,0.0,0.0,0.017009524114667707,-0.013480650720357043,-0.006193859602488039,0.72,-0.18,1.0
2.6512837409973145,3,DF,0.026512837409973147,0.0,0.0,0.01873239845832978,-0.02223938911119028,-0.004296758399424314,0.72,-0.18,1.0
2.691582441329956,3,DF,0.026915824413299563,0.0,0.0,0.017853879135605755,-0.01755935838308297,-0.008104140723628951,0.72,-0.18,1.0
2.691582441329956,3,DF,0.026915824413299563,0.0,0.0,0.020283578680234313,-0.007136660030410365,-0.0033227215345226708,0.72,-0.18,1.0
2.691582441329956,3,DF,0.026915824413299563,0.0,0.0,0.022410656912071784,-0.003799082974331401,-0.0032788283028622883,0.72,-0.18,1.0
2.691582441329956,3,DF,0.026915824413299563,0.0,0.0,0.026366651959115518,0.0008785931135274415,-0.003092378963244278,0.72,-0.18,1.0
2.691582441329956,3,DF,0.026915824413299563,0.0,0.0,0.010432605547675505,0.0034254033560208075,0.00372066477586541,0.72,-0.18,1.0
2.691582441329956,3,DF,0.026915824413299563,0.0,0.0,0.018367535981991794,-0.0043245120145831385,-0.005066564793830916,0.72,-0.18,1.0
2.691582441329956,3,DF,0.026915824413299563,0.0,0.0,0.013239069152903238,-0.015503282552172263,-0.001442320971608375,0.72,-0.18,1.0
2.691582441329956,3,DF,0.026915824413299563,0.0,0.0,0.014847906712181719,-0.006846111623396425,-0.0032105230741489386,0.72,-0.18,1.0
2.691582441329956,3,DF,0.026915824413299563,0.0,0.0,0.019472184817544536,-0.0010529975538513345,-0.00827144150393277,0.72,-0.18,1.0
2.691582441329956,3,DF,0.026915824413299563,0.0,0.0,0.011230713886935098,-0.014211443459356902,-0.0028321656062050013,0.72,-0.18,1.0
2.731905937194824,3,DF,0.027319059371948243,0.0,0.0,0.016571379032208445,-0.014693076233255017,0.0011722789589650902,0.72,-0.18,1.0
2.731905937194824,3,DF,0.027319059371948243,0.0,0.0,0.009065081807446727,-0.010477725357350316,-0.0030846558850116564,0.72,-0.18,1.0
2.731905937194824,3,DF,0.027319059371948243,0.0,0.0,0.007411219821682207,-0.011575379391863113,-0.007859991137667685,0.72,-0.18,1.0
2.731905937194824,3,DF,0.027319059371948243,0.0,0.0,0.02280908642208119,-0.012831173444637835,-0.0041758720690078886,0.72,-0.18,1.0
2.731905937194824,3,DF,0.027319059371948243,0.0,0.0,0.01963051830064546,-0.014361168017727527,-0.002871425914361624,0.72,-0.18,1.0
2.731905937194824,3,DF,0.027319059371948243,0.0,0.0,0.024723325999648178,-0.004886635080350286,-0.006732389913243044,0.72,-0.18,1.0
2.731905937194824,3,DF,0.027319059371948243,0.0,0.0,0.03112306089145463,-0.0035164968064769703,-0.0028997353901929865,0.72,-0.18,1.0
2.731905937194824,3,DF,0.027319059371948243,0.0,0.0,0.017801212515661993,-0.005382205599164521,-0.009487352505109766,0.72,-0.18,1.0
2.731905937194824,3,DF,0.027319059371948243,0.0,0.0,0.024446745904156818,-0.005965561031598203,-0.006236129227053669,0.72,-0.18,1.0
2.731905937194824,3,DF,0.027319059371948243,0.0,0.0,0.03207455042850363,-0.015678535176976247,-0.00581416056082701,0.72,-0.18,1.0
2.772207736968994,3,DF,0.027722077369689943,0.0,0.0,0.027878001477845544,-0.012084358533292636,-0.007123022465912673,0.72,-0.18,1.0
2.772207736968994,3,DF,0.027722077369689943,0.0,0.0,0.029266599080475953,-0.009771799228285423,-0.01217491273573784,0.72,-0.18,1.0
2.772207736968994,3,DF,0.027722077369689943,0.0,0.0,0.02849164765230557,-0.013650315988036961,-0.012146475673024106,0.72,-0.18,1.0
2.772207736968994,3,DF,0.027722077369689943,0.0,0.0,0.01600344342169296,-0.01496798364211808,-0.00784920701354386,0.72,-0.18,1.0
2.772207736968994,3,DF,0.027722077369689943,0.0,0.0,0.022052689630426142,-0.018579923664099808,-0.013080873992095446,0.72,-0.18,1.0
2.772207736968994,3,DF,0.027722077369689943,0.0,0.0,0.015637572883173433,-0.018016403367537223,-0.015379453775223434,0.72,-0.18,1.0
2.772207736968994,3,DF,0.027722077369689943,0.0,0.0,0.013775541571396722,-0.009514311295737758,-0.009682192920669772,0.72,-0.18,1.0
2.772207736968994,3,DF,0.027722077369689943,0.0,0.0,0.01643195534986121,-0.01677731211947753,-0.005709806611780047,0.72,-0.18,1.0
2.772207736968994,3,DF,0.027722077369689943,0.0,0.0,0.024178530090962706,-0.010132371696470063,-0.009169109022313323,0.72,-0.18,1.0
2.772207736968994,3,DF,0.027722077369689943,0.0,0.0,0.021689229169842512,-0.004407770193506072,-0.015714376824331074,0.72,-0.18,1.0
2.822622537612915,3,DF,0.02822622537612915,0.0,0.0,0.025724975489541932,-0.009054733672019897,-0.013213362063137134,0.72,-0.18,1.0
2.822622537612915,3,DF,0.02822622537612915,0.0,0.0,0.015722822546194778,-0.006774990729862663,-0.011191277724589877,0.72,-0.18,1.0
2.822622537612915,3,DF,0.02822622537612915,0.0,0.0,0.019986813088537853,-0.002459745480181638,-0.004610971746696148,0.72,-0.18,1.0
2.822622537612915,3,DF,0.02822622537612915,0.0,0.0,0.01936844236958399,-0.0014688860080517819,-0.00839049111404954,0.72,-0.18,1.0
2.822622537612915,3,DF,0.02822622537612915,0.0,0.0,0.02386854050945076,-0.009928555056952077,-0.008203077775763274,0.72,-0.18,1.0
2.822622537612915,3,DF,0.02822622537612915,0.0,0.0,0.008210342457823037,0.0008566955172609834,-0.0040294154998260796,0.72,-0.18,1.0
2.822622537612915,3,DF,0.02822622537612915,0.0,0.0,0.013754009733332111,0.0009397269354974821,-0.007377542247556548,0.72,-0.18,1.0
2.822622537612915,3,DF,0.02822622537612915,0.0,0.0,0.0009167233067154247,-0.007706630832231823,-0.0023219135407675498,0.72,-0.18,1.0
2.822622537612915,3,DF,0.02822622537612915,0.0,0.0,0.001014665231698036,-0.016563288627703447,7.527183740484357e-05,0.72,-0.18,1.0
2.822622537612915,3,DF,0.02822622537612915,0.0,0.0,0.01835545349968647,-0.02009402231330861,-0.00275718524409894,0.72,-0.18,1.0
2.8629252910614014,3,DF,0.028629252910614016,0.0,0.0,0.011655326496755143,-0.012632564195650267,-0.002590074629442803,0.72,-0.18,1.0
2.8629252910614014,3,DF,0.028629252910614016,0.0,0.0,0.013771244471545728,-0.012112929016770644,-0.004206371464396509,0.72,-0.18,1.0
2.8629252910614014,3,DF,0.028629252910614016,0.0,0.0,0.02335982977940599,-0.012978072933597979,-0.010148158269388191,0.72,-0.18,1.0
2.8629252910614014,3,DF,0.028629252910614016,0.0,0.0,0.014609044464146754,-0.013833437624022844,-0.009184332773545223,0.72,-0.18,1.0
2.8629252910614014,3,DF,0.028629252910614016,0.0,0.0,0.005838714505717055,-0.007558481786320315,-0.006838702611170433,0.72,-0.18,1.0
2.8629252910614014,3,DF,0.028629252910614016,0.0,0.0,0.018523983352177923,-0.006746164029769459,-0.006849305260986651,0.72,-0.18,1.0
2.8629252910614014,3,DF,0.028629252910614016,0.0,0.0,0.020733854498024975,-0.003346316458403398,0.0034566598773809703,0.72,-0.18,1.0
2.8629252910614014,3,DF,0.028629252910614016,0.0,0.0,0.023857035053619916,-0.019619018243617708,-0.00486064696450621,0.72,-0.18,1.0
2.8629252910614014,3,DF,0.028629252910614016,0.0,0.0,0.02507341717569063,-0.020011703491264802,-0.005231601114959188,0.72,-0.18,1.0
2.8629252910614014,3,DF,0.028629252910614016,0.0,0.0,0.022641086959957882,-0.01277124868533884,-0.0055981636572402255,0.72,-0.18,1.0
2.9032201766967773,3,DF,0.029032201766967775,0.0,0.0,0.030876444859131266,-0.01965978283857928,-0.008293627650871598,0.72,-0.18,1.0
2.9032201766967773,3,DF,0.029032201766967775,0.0,0.0,0.022160640989822462,-0.018045648506505963,-0.008453559609259611,0.72,-0.18,1.0
2.9032201766967773,3,DF,0.029032201766967775,0.0,0.0,0.025203615993713045,-0.016392823961985527,-0.0024121852327301132,0.72,-0.18,1.0
2.9032201766967773,3,DF,0.029032201766967775,0.0,0.0,0.02293102256608847,-0.011303805113022099,-0.005695990393903611,0.72,-0.18,1.0
2.9032201766967773,3,DF,0.029032201766967775,0.0,0.0,0.019705782606132514,-0.013311445150944571,-0.009370057324723695,0.72,-0.18,1.0
2.9032201766967773,3,DF,0.029032201766967775,0.0,0.0,0.016541679364661607,-0.009548641647753828,-0.013284541407253998,0.72,-0.18,1.0
2.9032201766967773,3,DF,0.029032201766967775,0.0,0.0,0.014237160539550122,-0.009597288938446817,-0.006633116893705484,0.72,-0.18,1.0
2.9032201766967773,3,DF,0.029032201766967775,0.0,0.0,0.014876239989928035,-0.012389323311761805,-0.002893899825986305,0.72,-0.18,1.0
2.9032201766967773,3,DF,0.029032201766967775,0.0,0.0,0.01339316872913468,-0.007790919487873762,-0.005222003054106513,0.72,-0.18,1.0
2.9032201766967773,3,DF,0.029032201766967775,0.0,0.0,0.019190322800113974,-0.018013307349032427,-0.009369149351387083,0.72,-0.18,1.0
2.953599452972412,3,DF,0.02953599452972412,0.0,0.0,0.012526954296952234,-0.019394669292103615,-0.014768259660952984,0.72,-0.18,1.0
2.953599452972412,3,DF,0.02953599452972412,0.0,0.0,0.013497505379839079,-0.014167553939523576,-0.011152049389449243,0.72,-0.18,1.0
2.953599452972412,3,DF,0.02953599452972412,0.0,0.0,0.014886561138728136,-0.017369166414381163,-0.0049780641283045934,0.72,-0.18,1.0
2.953599452972412,3,DF,0.02953599452972412,0.0,0.0,0.018780506248028104,-0.016677544808435526,-0.00911736294828279,0.72,-0.18,1.0
2.953599452972412,3,DF,0.02953599452972412,0.0,0.0,0.030712101186279563,-0.004688459415255776,-0.02039192013452893,0.72,-0.18,1.0
2.953599452972412,3,DF,0.02953599452972412,0.0,0.0,0.03003406911161892,-0.00793891981114291,-0.016972115728271276,0.72,-0.18,1.0
2.953599452972412,3,DF,0.02953599452972412,0.0,0.0,0.031797485835353,0.0016593866843204416,-0.011235943018048328,0.72,-0.18,1.0
2.953599452972412,3,DF,0.02953599452972412,0.0,0.0,0.026131905791515753,-0.0014044883169471339,-0.009081917625988818,0.72,-0.18,1.0
2.953599452972412,3,DF,0.02953599452972412,0.0,0.0,0.025499338921903723,-0.007059812217837174,-0.01062715639337117,0.72,-0.18,1.0
2.993887424468994,3,DF,0.029938874244689943,0.0,0.0,0.009595606165191894,-0.004796183893138093,-0.004359009250019156,0.72,-0.18,1.0
2.993887424468994,3,DF,0.029938874244689943,0.0,0.0,0.025718142642770427,-0.00988055032376228,-0.009641824840973465,0.72,-0.18,1.0
2.993887424468994,3,DF,0.029938874244689943,0.0,0.0,0.03179316327103576,0.0007590142017223382,0.0023086135782477766,0.72,-0.18,1.0
2.993887424468994,3,DF,0.029938874244689943,0.0,0.0,0.028665493598126857,-0.0010432512070676176,-0.0056130637712389405,0.72,-0.18,1.0
2.993887424468994,3,DF,0.029938874244689943,0.0,0.0,0.021005065928209353,-0.0032576170138045282,-0.005224414083514961,0.72,-0.18,1.0
2.993887424468994,3,DF,0.029938874244689943,0.0,0.0,0.023328076637971346,-0.0015481726158385744,-0.0073035071466329374,0.72,-0.18,1.0
2.993887424468994,3,DF,0.029938874244689943,0.0,0.0,0.02928267771167967,0.0002461533482708473,-0.0024044733233632414,0.72,-0.18,1.0
2.993887424468994,3,DF,0.029938874244689943,0.0,0.0,0.029525982254605582,-0.009500460778027886,-0.006077800865902844,0.72,-0.18,1.0
2.993887424468994,3,DF,0.029938874244689943,0.0,0.0,0.020626023111609406,-0.012343723980028082,-0.006160603459834893,0.72,-0.18,1.0
2.993887424468994,3,DF,0.029938874244689943,0.0,0.0,0.023834376422299467,-0.014565706194558986,-0.006118400196241174,0.72,-0.18,1.0
3.0341954231262207,3,DF,0.030341954231262208,0.0,0.0,0.021196091101528005,-0.008182382308080527,-0.002701614898433024,0.72,-0.18,1.0
3.0341954231262207,3,DF,0.030341954231262208,0.0,0.0,0.01943367322118026,-0.01121809652643728,-0.004082582941433061,0.72,-0.18,1.0
3.0341954231262207,3,DF,0.030341954231262208,0.0,0.0,0.01848770449307665,-0.011075671356038987,-0.008178493401234062,0.72,-0.18,1.0
3.0341954231262207,3,DF,0.030341954231262208,0.0,0.0,0.02546837586202821,-0.0010655417326100795,-0.0010864232996566651,0.72,-0.18,1.0
3.0341954231262207,3,DF,0.030341954231262208,0.0,0.0,0.022470401316429228,0.0052364598116408,-0.0013596871781062592,0.72,-0.18,1.0
3.0341954231262207,3,DF,0.030341954231262208,0.0,0.0,0.0158422344298117,-0.010752911987640792,-0.005536163300052522,0.72,-0.18,1.0
3.0341954231262207,3,DF,0.030341954231262208,0.0,0.0,0.012594617216650636,-0.007818591469578268,0.0008532170483189044,0.72,-0.18,1.0
3.0341954231262207,3,DF,0.030341954231262208,0.0,0.0,0.025390061807182715,-0.00968467532099848,-0.005114101050480401,0.72,-0.18,1.0
3.0341954231262207,3,DF,0.030341954231262208,0.0,0.0,0.023351629946296904,-0.008079413033574515,-0.007508948387046358,0.72,-0.18,1.0
3.0341954231262207,3,DF,0.030341954231262208,0.0,0.0,0.025231308219527186,-0.010528344372086364,0.0022294407022034903,0.72,-0.18,1.0
3.07450532913208,3,DF,0.030745053291320802,0.0,0.0,0.01750613897412733,-0.005261297519221941,0.0030975111233009283,0.72,-0.18,1.0
3.07450532913208,3,DF,0.030745053291320802,0.0,0.0,0.018367970625737105,-0.006377383135930961,-0.0034396884641343024,0.72,-0.18,1.0
3.07450532913208,3,DF,0.030745053291320802,0.0,0.0,0.026521139617941947,-0.004096470279256359,-0.004839204754673985,0.72,-0.18,1.0
3.07450532913208,3,DF,0.030745053291320802,0.0,0.0,0.019469115394118146,-0.007498062050851841,-0.00022904517908438313,0.72,-0.18,1.0
3.07450532913208,3,DF,0.030745053291320802,0.0,0.0,0.017731317000412628,0.004384720072377279,-0.0007192735511833112,0.72,-0.18,1.0
3.07450532913208,3,DF,0.030745053291320802,0.0,0.0,0.02144701618367467,-0.0017645797038038078,-0.003978486774984282,0.72,-0.18,1.0
3.07450532913208,3,DF,0.030745053291320802,0.0,0.0,0.019092911036323962,0.003647851058903024,0.0008983463442090014,0.72,-0.18,1.0
3.07450532913208,3,DF,0.030745053291320802,0.0,0.0,0.02226158975767856,-0.005395909271582861,0.000971181671464658,0.72,-0.18,1.0
3.07450532913208,3,DF,0.030745053291320802,0.0,0.0,0.029268273343262877,-0.01113538792602661,-0.009817948715877026,0.72,-0.18,1.0
3.07450532913208,3,DF,0.030745053291320802,0.0,0.0,0.031138197352282685,-0.018550993938246475,-0.011644254751687282,0.72,-0.18,1.0
3.1248843669891357,3,DF,0.03124884366989136,0.0,0.0,0.03606406569489361,-0.023577976180166736,-0.016152798716506964,0.72,-0.18,1.0
3.1248843669891357,3,DF,0.03124884366989136,0.0,0.0,0.029047131350944777,-0.02652518809532918,-0.013977080747735475,0.72,-0.18,1.0
3.1248843669891357,3,DF,0.03124884366989136,0.0,0.0,0.027753589199127765,-0.026867700430967808,-0.007694260960397205,0.72,-0.18,1.0
3.1248843669891357,3,DF,0.03124884366989136,0.0,0.0,0.027767829937636587,-0.0182898699010627,-0.008620177179976601,0.72,-0.18,1.0
3.1248843669891357,3,DF,0.03124884366989136,0.0,0.0,0.027432474351268252,-0.019684683950324217,-0.002657035721460411,0.72,-0.18,1.0
3.1248843669891357,3,DF,0.03124884366989136,0.0,0.0,0.025959625852635556,-0.006666392803868145,-0.005512015704490721,0.72,-0.18,1.0
3.1248843669891357,3,DF,0.03124884366989136,0.0,0.0,0.024516787941269064,-0.016097225726497823,-0.0060972472797715255,0.72,-0.18,1.0
3.1248843669891357,3,DF,0.03124884366989136,0.0,0.0,0.021041744514554043,-0.0018515697057686058,-0.0049772731989634784,0.72,-0.18,1.0
3.1248843669891357,3,DF,0.03124884366989136,0.0,0.0,0.020927697658307338,-0.009446574733803711,-0.014956942289142617,0.72,-0.18,1.0
3.1248843669891357,3,DF,0.03124884366989136,0.0,0.0,0.015208374003182408,-0.0008697344393414055,-0.012697815862701719,0.72,-0.18,1.0
3.165179491043091,3,DF,0.03165179491043091,0.0,0.0,0.01376948054903869,-0.007106601117957591,-0.011722820641804918,0.72,-0.18,1.0
3.165179491043091,3,DF,0.03165179491043091,0.0,0.0,0.014538478766368334,-0.016225265486323987,-0.008910692735302544,0.72,-0.18,1.0
3.165179491043091,3,DF,0.03165179491043091,0.0,0.0,0.005358169400577166,-0.007171295339111768,-0.004121236936361601,0.72,-0.18,1.0
3.165179491043091,3,DF,0.03165179491043091,0.0,0.0,0.008980381109678337,-0.002550940169516245,-0.00669305073495206,0.72,-0.18,1.0
3.165179491043091,3,DF,0.03165179491043091,0.0,0.0,0.009105510360583683,-0.003916303914069364,-0.006845123111998288,0.72,-0.18,1.0
3.165179491043091,3,DF,0.03165179491043091,0.0,0.0,0.013165985298138984,-0.0024957184198782776,0.0053281207871939,0.72,-0.18,1.0
3.165179491043091,3,DF,0.03165179491043091,0.0,0.0,0.01718654680250133,-0.014668721260857786,0.000924126708689546,0.72,-0.18,1.0
3.165179491043091,3,DF,0.03165179491043091,0.0,0.0,0.021841095493416753,-0.011073466693524717,-0.004775316716314345,0.72,-0.18,1.0
3.165179491043091,3,DF,0.03165179491043091,0.0,0.0,0.030655839997409336,-0.014576913027514472,-0.0072956520568133116,0.72,-0.18,1.0
3.165179491043091,3,DF,0.03165179491043091,0.0,0.0,0.028506031491458497,-0.02111888852654522,-0.00683510902759079,0.72,-0.18,1.0
3.205474376678467,3,DF,0.03205474376678467,0.0,0.0,0.025960282007479324,-0.0182983945497354,-0.008524199013836664,0.72,-0.18,1.0
3.205474376678467,3,DF,0.03205474376678467,0.0,0.0,0.01550944783143773,-0.012181580553506838,-0.0049503475677119815,0.72,-0.18,1.0
3.205474376678467,3,DF,0.03205474376678467,0.0,0.0,0.02262055370893074,-0.0061407182831163375,0.0007587811143933029,0.72,-0.18,1.0
3.205474376678467,3,DF,0.03205474376678467,0.0,0.0,0.018697875486494587,0.0027487451040265087,-0.0030435033208200354,0.72,-0.18,1.0
3.205474376678467,3,DF,0.03205474376678467,0.0,0.0,0.005141594225528222,-0.0012895100060002585,-0.006655541066953372,0.72,-0.18,1.0
3.205474376678467,3,DF,0.03205474376678467,0.0,0.0,0.004443956476389339,-0.003985595688403899,0.00167969298111457,0.72,-0.18,1.0
3.205474376678467,3,DF,0.03205474376678467,0.0,0.0,0.014149889529935122,-0.006493233115167182,-0.005141164672327925,0.72,-0.18,1.0
3.205474376678467,3,DF,0.03205474376678467,0.0,0.0,0.006521067420642338,-0.013987323653642423,-0.010692923891201531,0.72,-0.18,1.0
3.205474376678467,3,DF,0.03205474376678467,0.0,0.0,-0.0022427250590358206,-0.011033167676981577,-0.01388856583970218,0.72,-0.18,1.0
3.205474376678467,3,DF,0.03205474376678467,0.0,0.0,0.007970034187585517,-0.010055531285706071,-0.0217268186727528,0.72,-0.18,1.0
3.2458231449127197,3,DF,0.0324582314491272,0.0,0.0,0.020709696851050386,-0.017157527310598237,-0.01444836381463073,0.72,-0.18,1.0
3.2458231449127197,3,DF,0.0324582314491272,0.0,0.0,0.031019344650133434,-0.004609834667659461,-0.004034056956709426,0.72,-0.18,1.0
3.2458231449127197,3,DF,0.0324582314491272,0.0,0.0,0.022284123809120763,-0.00552636720570444,-0.001635211181066285,0.72,-0.18,1.0
3.2458231449127197,3,DF,0.0324582314491272,0.0,0.0,0.0155789968464345,-0.008259689861985187,-0.00651361862199885,0.72,-0.18,1.0
3.2458231449127197,3,DF,0.0324582314491272,0.0,0.0,0.011375373940873384,-0.012084846906399792,-0.008734424589496555,0.72,-0.18,1.0
3.2458231449127197,3,DF,0.0324582314491272,0.0,0.0,0.003780956163326106,-0.008683112416994225,-0.009113650296725907,0.72,-0.18,1.0
3.2458231449127197,3,DF,0.0324582314491272,0.0,0.0,0.013704640716134586,-0.011912351248870849,-0.009166359065242638,0.72,-0.18,1.0
3.2458231449127197,3,DF,0.0324582314491272,0.0,0.0,0.005024084179050197,-0.014154069917087508,-0.010523785876116729,0.72,-0.18,1.0
3.2458231449127197,3,DF,0.0324582314491272,0.0,0.0,0.00025753320432476257,-0.008375250646300245,-0.007522955574564721,0.72,-0.18,1.0
3.2458231449127197,3,DF,0.0324582314491272,0.0,0.0,-0.0007238537482510481,-0.008671988704004487,-0.005302539110478487,0.72,-0.18,1.0
3.2962095737457275,3,DF,0.03296209573745727,0.0,0.0,0.017448445234877704,-0.0227102755586596,0.0011331410249207675,0.72,-0.18,1.0
3.2962095737457275,3,DF,0.03296209573745727,0.0,0.0,0.028119467171479656,-0.01649609561007102,0.003674121113660219,0.72,-0.18,1.0
3.2962095737457275,3,DF,0.03296209573745727,0.0,0.0,0.02256952223481081,-0.021963986947279142,-0.006195646357701692,0.72,-0.18,1.0
3.2962095737457275,3,DF,0.03296209573745727,0.0,0.0,0.02248366312320765,-0.011968048107968718,-0.002417942944775652,0.72,-0.18,1.0
3.2962095737457275,3,DF,0.03296209573745727,0.0,0.0,0.009518360044224353,-0.01667529996421209,-0.004117810571578924,0.72,-0.18,1.0
3.2962095737457275,3,DF,0.03296209573745727,0.0,0.0,0.015385287324188548,-0.003334805515662862,-0.010295824517752425,0.72,-0.18,1.0
3.2962095737457275,3,DF,0.03296209573745727,0.0,0.0,0.029884057971986476,-0.006532300900504949,-0.0099280030000492,0.72,-0.18,1.0
3.2962095737457275,3,DF,0.03296209573745727,0.0,0.0,0.030827369878466383,-0.006796339897663038,-0.005820520633572055,0.72,-0.18,1.0
3.2962095737457275,3,DF,0.03296209573745727,0.0,0.0,0.033648043407719264,0.004924559657250459,-0.007192033840074693,0.72,-0.18,1.0
3.2962095737457275,3,DF,0.03296209573745727,0.0,0.0,0.030589365431542635,-0.007328242754286428,0.0009271293765425149,0.72,-0.18,1.0
3.3365049362182617,3,DF,0.03336504936218262,0.0,0.0,0.027062905261643226,0.003955052969471793,-0.006613093972677483,0.72,-0.18,1.0
3.3365049362182617,3,DF,0.03336504936218262,0.0,0.0,0.029072011907781938,0.003758532952937838,-0.004359010719870789,0.72,-0.18,1.0
3.3365049362182617,3,DF,0.03336504936218262,0.0,0.0,0.026540453051805187,0.00030594973402517996,-0.002609490815372404,0.72,-0.18,1.0
3.3365049362182617,3,DF,0.03336504936218262,0.0,0.0,0.030415248957790856,-0.008028111711700084,-0.0006290102004329514,0.72,-0.18,1.0
3.3365049362182617,3,DF,0.03336504936218262,0.0,0.0,0.03636144405959148,-0.011250141941790753,-0.0020640759102457107,0.72,-0.18,1.0
3.3365049362182617,3,DF,0.03336504936218262,0.0,0.0,0.02971042779455448,-0.003866388421291827,-0.003342500497079572,0.72,-0.18,1.0
3.3365049362182617,3,DF,0.03336504936218262,0.0,0.0,0.030584915878406026,-0.0040864467544068535,-0.008033900986241623,0.72,-0.18,1.0
3.3365049362182617,3,DF,0.03336504936218262,0.0,0.0,0.029089010360321924,0.009401069421449483,-0.008660332507767534,0.72,-0.18,1.0
3.3365049362182617,3,DF,0.03336504936218262,0.0,0.0,0.03131505600710904,0.0006122210046931707,-0.010785374490692846,0.72,-0.18,1.0
3.3365049362182617,3,DF,0.03336504936218262,0.0,0.0,0.03734674897931884,-0.00757836498251171,-0.013305243979948067,0.72,-0.18,1.0
3.376845121383667,3,DF,0.03376845121383667,0.0,0.0,0.03558744606185142,-0.015077174115393723,-0.009500737450453751,0.72,-0.18,1.0
3.376845121383667,3,DF,0.03376845121383667,0.0,0.0,0.02880391990076617,-0.009185428051118385,-0.006757628600651833,0.72,-0.18,1.0
3.376845121383667,3,DF,0.03376845121383667,0.0,0.0,0.024343529870514042,-0.006252139196018785,-0.003326570075142443,0.72,-0.18,1.0
3.376845121383667,3,DF,0.03376845121383667,0.0,0.0,0.03130157830218104,-0.014922246276073074,-0.007100126791467098,0.72,-0.18,1.0
3.376845121383667,3,DF,0.03376845121383667,0.0,0.0,0.016934314228550258,-0.018549307919858343,0.0020265695795368696,0.72,-0.18,1.0
3.376845121383667,3,DF,0.03376845121383667,0.0,0.0,0.02487082497713805,-0.0318562898266372,0.008144413178236111,0.72,-0.18,1.0
3.376845121383667,3,DF,0.03376845121383667,0.0,0.0,0.021034251914462166,-0.03517915892466497,-0.0007746815083574904,0.72,-0.18,1.0
3.376845121383667,3,DF,0.03376845121383667,0.0,0.0,0.018459625874715804,-0.01868649230570669,-0.004644560355094087,0.72,-0.18,1.0
3.376845121383667,3,DF,0.03376845121383667,0.0,0.0,0.024057503376159806,-0.02309809160858793,-0.0049069137294580996,0.72,-0.18,1.0
3.376845121383667,3,DF,0.03376845121383667,0.0,0.0,0.031852586322592295,-0.03346559802707897,0.0018212375270911067,0.72,-0.18,1.0
3.427224636077881,3,DF,0.03427224636077881,0.0,0.0,0.035160206334630746,-0.025020480913358508,-0.00878403057582527,0.72,-0.18,1.0
3.427224636077881,3,DF,0.03427224636077881,0.0,0.0,0.025436021422844523,-0.022344877466827846,-0.008532942595690715,0.72,-0.18,1.0
3.427224636077881,3,DF,0.03427224636077881,0.0,0.0,0.025057151285550243,-0.01664095956382185,-0.007504986409960763,0.72,-0.18,1.0
3.427224636077881,3,DF,0.03427224636077881,0.0,0.0,0.03134003129177263,-0.011521921679812213,-0.0015753193831907295,0.72,-0.18,1.0
3.427224636077881,3,DF,0.03427224636077881,0.0,0.0,0.033734461598008476,-0.016176047142564983,0.0027456292477415793,0.72,-0.18,1.0
3.427224636077881,3,DF,0.03427224636077881,0.0,0.0,0.030377643914850424,-0.011818771295145906,-0.0026505882242107487,0.72,-0.18,1.0
3.427224636077881,3,DF,0.03427224636077881,0.0,0.0,0.03493062492072508,-0.015495951323291752,-0.0034760675970108277,0.72,-0.18,1.0
3.427224636077881,3,DF,0.03427224636077881,0.0,0.0,0.03163642389825697,-0.004202141993353458,-0.003438465826949237,0.72,-0.18,1.0
3.427224636077881,3,DF,0.03427224636077881,0.0,0.0,0.023885237540807902,-0.004178846859077238,-0.003917277670157583,0.72,-0.18,1.0
3.427224636077881,3,DF,0.03427224636077881,0.0,0.0,0.01905892365042942,-0.011771552667259454,-0.009406640513015643,0.72,-0.18,1.0
3.4675352573394775,3,DF,0.034675352573394776,0.0,0.0,0.018154319473784652,-0.015822480260791992,-0.008340710634955886,0.72,-0.18,1.0
3.4675352573394775,3,DF,0.034675352573394776,0.0,0.0,0.006732803363267332,-0.018445083124600796,-0.009720015500135204,0.72,-0.18,1.0
3.4675352573394775,3,DF,0.034675352573394776,0.0,0.0,0.003086074499515444,-0.010669006846218498,-0.012654192846643542,0.72,-0.18,1.0
3.4675352573394775,3,DF,0.034675352573394776,0.0,0.0,0.0019571726917545678,-0.009459668507438557,-0.008413955738078422,0.72,-0.18,1.0
3.4675352573394775,3,DF,0.034675352573394776,0.0,0.0,0.013460205773103221,-0.006111700306186221,-0.006668215049288396,0.72,-0.18,1.0
3.4675352573394775,3,DF,0.034675352573394776,0.0,0.0,0.017402217142258574,-0.004013085673644573,-0.0031735883905574017,0.72,-0.18,1.0
3.4675352573394775,3,DF,0.034675352573394776,0.0,0.0,0.013174222524331362,-0.020130355577924166,-0.008516838243890006,0.72,-0.18,1.0
3.4675352573394775,3,DF,0.034675352573394776,0.0,0.0,0.03316478874341699,-0.021660055244236122,-0.011263364612632578,0.72,-0.18,1.0
3.4675352573394775,3,DF,0.034675352573394776,0.0,0.0,0.0246459020096717,-0.023014953407582955,-0.003221258157499443,0.72,-0.18,1.0
3.507847309112549,3,DF,0.03507847309112549,0.0,0.0,0.038936713244785974,-0.012569347022311116,-0.0012163238148430893,0.72,-0.18,1.0
3.507847309112549,3,DF,0.03507847309112549,0.0,0.0,0.026449479003429612,-0.013922430670025115,-0.004631210541383596,0.72,-0.18,1.0
3.507847309112549,3,DF,0.03507847309112549,0.0,0.0,0.03527981394413221,-0.019339364546349377,-0.008627546757976697,0.72,-0.18,1.0
3.507847309112549,3,DF,0.03507847309112549,0.0,0.0,0.03395912246053876,-0.011565662780318668,-0.0055151141834482945,0.72,-0.18,1.0
3.507847309112549,3,DF,0.03507847309112549,0.0,0.0,0.024089837273246293,-0.010310194758474164,-0.007024525102854152,0.72,-0.18,1.0
3.507847309112549,3,DF,0.03507847309112549,0.0,0.0,0.02722211597074764,0.0005915383801333416,-0.008327244699699973,0.72,-0.18,1.0
3.507847309112549,3,DF,0.03507847309112549,0.0,0.0,0.014034215651730419,-0.0038031992343330098,-0.0021302911906476425,0.72,-0.18,1.0
3.507847309112549,3,DF,0.03507847309112549,0.0,0.0,0.0278515410393021,-0.007717031384706361,-0.009400701254329766,0.72,-0.18,1.0
3.507847309112549,3,DF,0.03507847309112549,0.0,0.0,0.025804408222252922,-0.013347983458960915,0.005093527614788992,0.72,-0.18,1.0
3.507847309112549,3,DF,0.03507847309112549,0.0,0.0,0.03042174765196078,-0.01820010973483231,0.0026218379851076622,0.72,-0.18,1.0
3.5481550693511963,3,DF,0.035481550693511964,0.0,0.0,0.02118864094439751,-0.02062511326842463,0.001661628223083853,0.72,-0.18,1.0
3.5481550693511963,3,DF,0.035481550693511964,0.0,0.0,0.031243626563098013,-0.025544247322936257,0.0037599054194731173,0.72,-0.18,1.0
3.5481550693511963,3,DF,0.035481550693511964,0.0,0.0,0.02957773989062741,-0.024350299226884104,0.0030182571971582384,0.72,-0.18,1.0
3.5481550693511963,3,DF,0.035481550693511964,0.0,0.0,0.018117545309176926,-0.02872398287157302,0.00345054360031033,0.72,-0.18,1.0
3.5481550693511963,3,DF,0.035481550693511964,0.0,0.0,0.023715878830810583,-0.023768558577931177,-0.0058208767400224045,0.72,-0.18,1.0
3.5481550693511963,3,DF,0.035481550693511964,0.0,0.0,0.027921622519669797,-0.020862315344383906,-0.0027548609444520153,0.72,-0.18,1.0
3.5481550693511963,3,DF,0.035481550693511964,0.0,0.0,0.029870828453243604,-0.017259134920748095,-0.004547929520331874,0.72,-0.18,1.0
3.5481550693511963,3,DF,0.035481550693511964,0.0,0.0,0.031582004782616316,-0.00961637795701113,0.004989389827403178,0.72,-0.18,1.0
3.5481550693511963,3,DF,0.035481550693511964,0.0,0.0,0.02529418784210139,-0.005771426766596119,-0.0026394324637307918,0.72,-0.18,1.0
3.5481550693511963,3,DF,0.035481550693511964,0.0,0.0,0.031695708241921486,-0.007870353210701172,-0.009414525378184888,0.72,-0.18,1.0
3.598559856414795,3,DF,0.03598559856414795,0.0,0.0,0.03403567915082096,-0.003197105390913872,-0.008744867628627761,0.72,-0.18,1.0
3.598559856414795,3,DF,0.03598559856414795,0.0,0.0,0.040808611311136236,-0.013972699989735172,-0.0026817694443950456,0.72,-0.18,1.0
3.598559856414795,3,DF,0.03598559856414795,0.0,0.0,0.0340716558006066,-0.02112584061634612,0.007374197998285892,0.72,-0.18,1.0
3.598559856414795,3,DF,0.03598559856414795,0.0,0.0,0.01816514753038894,-0.008024705737366062,-0.00275611025125126,0.72,-0.18,1.0
3.598559856414795,3,DF,0.03598559856414795,0.0,0.0,0.008954681661642773,-0.019846610587885543,-0.0018692774659219559,0.72,-0.18,1.0
3.598559856414795,3,DF,0.03598559856414795,0.0,0.0,0.02845732017682502,-0.016703215663940004,0.00026057151031102485,0.72,-0.18,1.0
3.598559856414795,3,DF,0.03598559856414795,0.0,0.0,0.03282493343347098,-0.01115075276991908,-0.0028195042867618708,0.72,-0.18,1.0
3.598559856414795,3,DF,0.03598559856414795,0.0,0.0,0.028513890987936722,-0.010711599730687374,-0.003442266209243812,0.72,-0.18,1.0
3.598559856414795,3,DF,0.03598559856414795,0.0,0.0,0.025629508183984538,-0.010082013057015577,-0.003506272946236624,0.72,-0.18,1.0
3.598559856414795,3,DF,0.03598559856414795,0.0,0.0,0.024411658965100815,-0.0031964938462086174,-0.0009900031720147323,0.72,-0.18,1.0
3.638866662979126,3,DF,0.03638866662979126,0.0,0.0,0.033335764174625006,-0.0052605798529833355,-0.0017748142218186674,0.72,-0.18,1.0
3.638866662979126,3,DF,0.03638866662979126,0.0,0.0,0.03618221760515731,-0.0007450949397265131,-0.0037530760217143796,0.72,-0.18,1.0
3.638866662979126,3,DF,0.03638866662979126,0.0,0.0,0.03959418013221715,-0.008326195423335701,0.0009205050124055516,0.72,-0.18,1.0
3.638866662979126,3,DF,0.03638866662979126,0.0,0.0,0.05118264056848135,-0.007544150933892337,-0.000831786969292438,0.72,-0.18,1.0
3.638866662979126,3,DF,0.03638866662979126,0.0,0.0,0.03758336120320145,-0.01447875436747003,0.0005717430931232672,0.72,-0.18,1.0
3.638866662979126,3,DF,0.03638866662979126,0.0,0.0,0.03741841326700749,-0.0143877136781054,-0.006456413379009231,0.72,-0.18,1.0
3.638866662979126,3,DF,0.03638866662979126,0.0,0.0,0.022972137049101084,-0.018593617409734333,-0.0003859086180106319,0.72,-0.18,1.0
3.638866662979126,3,DF,0.03638866662979126,0.0,0.0,0.036453574493750585,-0.020076246930089844,0.00038157280468105193,0.72,-0.18,1.0
3.638866662979126,3,DF,0.03638866662979126,0.0,0.0,0.026024613089817083,-0.011149703610038428,-0.006619384114038687,0.72,-0.18,1.0
3.638866662979126,3,DF,0.03638866662979126,0.0,0.0,0.023206371274784626,-0.01205100679884913,-0.002329495045998005,0.72,-0.18,1.0
3.67918062210083,3,DF,0.0367918062210083,0.0,0.0,0.023297675809097144,-0.012209892130139269,-0.0017616445861198837,0.72,-0.18,1.0
3.67918062210083,3,DF,0.0367918062210083,0.0,0.0,0.016269824740061344,-0.014685699648868964,-0.004735798685550688,0.72,-0.18,1.0
3.67918062210083,3,DF,0.0367918062210083,0.0,0.0,0.023836255749074397,-0.008442337454352447,-0.005069830389015754,0.72,-0.18,1.0
3.67918062210083,3,DF,0.0367918062210083,0.0,0.0,0.02384033386322948,-0.00831795143967209,-0.008302704310414384,0.72,-0.18,1.0
3.67918062210083,3,DF,0.0367918062210083,0.0,0.0,0.03369837466789253,-0.007746710439034806,-0.008994244869369342,0.72,-0.18,1.0
3.67918062210083,3,DF,0.0367918062210083,0.0,0.0,0.045535646537784205,-0.009221264596488386,-0.003206052035110849,0.72,-0.18,1.0
3.67918062210083,3,DF,0.0367918062210083,0.0,0.0,0.03607599949342193,0.003052788645544602,-0.0007855588270308795,0.72,-0.18,1.0
3.67918062210083,3,DF,0.0367918062210083,0.0,0.0,0.03732943900541907,-0.004290114016162283,-0.007193833900954642,0.72,-0.18,1.0
3.67918062210083,3,DF,0.0367918062210083,0.0,0.0,0.03962484230686367,-0.005633435630095419,-0.010420726651793406,0.72,-0.18,1.0
3.67918062210083,3,DF,0.0367918062210083,0.0,0.0,0.029149573057866425,-0.01387022331235735,-0.00970761871333574,0.72,-0.18,1.0
3.7194855213165283,3,DF,0.03719485521316528,0.0,0.0,0.03450660551835634,-0.011414527785082307,-0.0028381946395896244,0.72,-0.18,1.0
3.7194855213165283,3,DF,0.03719485521316528,0.0,0.0,0.033696408686038126,-0.009314042687208555,0.005856912439468436,0.72,-0.18,1.0
3.7194855213165283,3,DF,0.03719485521316528,0.0,0.0,0.03220175068156532,-0.015497584692517169,-0.0020685494710514464,0.72,-0.18,1.0
3.7194855213165283,3,DF,0.03719485521316528,0.0,0.0,0.04237198907568008,-0.010240883954414217,-0.006593299304660856,0.72,-0.18,1.0
3.7194855213165283,3,DF,0.03719485521316528,0.0,0.0,0.03132990355902636,-0.015125252225319834,-0.005793756981081869,0.72,-0.18,1.0
3.7194855213165283,3,DF,0.03719485521316528,0.0,0.0,0.024994525676491748,-0.0075538951242272905,-0.007867900520734713,0.72,-0.18,1.0
3.7194855213165283,3,DF,0.03719485521316528,0.0,0.0,0.04367039347000765,-0.008643415041411504,-0.005946315379111172,0.72,-0.18,1.0
3.7194855213165283,3,DF,0.03719485521316528,0.0,0.0,0.034520028239262195,-0.0029327957088623575,-0.0013117622060467998,0.72,-0.18,1.0
3.7194855213165283,3,DF,0.03719485521316528,0.0,0.0,0.025276254793657166,-0.00400853219515504,-0.0029713553653997436,0.72,-0.18,1.0
3.7194855213165283,3,DF,0.03719485521316528,0.0,0.0,0.01914227478365504,-0.007883309327380513,-0.007240930412270465,0.72,-0.18,1.0
3.769847869873047,3,DF,0.03769847869873047,0.0,0.0,0.026013817395312847,-0.0026879738302174345,-0.007601190258182269,0.72,-0.18,1.0
3.769847869873047,3,DF,0.03769847869873047,0.0,0.0,0.03682291248780645,-0.005626019737430823,-0.002451528116723114,0.72,-0.18,1.0
3.769847869873047,3,DF,0.03769847869873047,0.0,0.0,0.04258831854138147,-0.009669878511610776,-0.005210694522642175,0.72,-0.18,1.0
3.769847869873047,3,DF,0.03769847869873047,0.0,0.0,0.03318929821887782,-0.00996732643094629,-0.0003959749575709403,0.72,-0.18,1.0
3.769847869873047,3,DF,0.03769847869873047,0.0,0.0,0.02689891312483847,-0.010104409363241229,-0.00374275687100817,0.72,-0.18,1.0
3.769847869873047,3,DF,0.03769847869873047,0.0,0.0,0.0351420496512294,0.005245742690778711,0.00036285846330745563,0.72,-0.18,1.0
3.769847869873047,3,DF,0.03769847869873047,0.0,0.0,0.03767022534253411,0.005319846193311952,0.0038067510544635913,0.72,-0.18,1.0
3.769847869873047,3,DF,0.03769847869873047,0.0,0.0,0.024863432070052274,-0.006919682635521034,0.0005075561120345706,0.72,-0.18,1.0
3.769847869873047,3,DF,0.03769847869873047,0.0,0.0,0.03234687022294718,-0.0012751664408208318,0.0036124632674893638,0.72,-0.18,1.0
3.769847869873047,3,DF,0.03769847869873047,0.0,0.0,0.03866527476290732,-0.008040403448854627,-0.0026946940828428702,0.72,-0.18,1.0
3.8101556301116943,3,DF,0.038101556301116946,0.0,0.0,0.0293887154118955,-0.006226312780058984,0.006376448529840073,0.72,-0.18,1.0
3.8101556301116943,3,DF,0.038101556301116946,0.0,0.0,0.031203547101267343,-0.0032991200404675035,-0.0001945921482593106,0.72,-0.18,1.0
3.8101556301116943,3,DF,0.038101556301116946,0.0,0.0,0.027540167166468968,-0.010482557816178859,-0.005219534910883884,0.72,-0.18,1.0
3.8101556301116943,3,DF,0.038101556301116946,0.0,0.0,0.025437391131761057,-0.02778809768379005,-0.009231524830738193,0.72,-0.18,1.0
3.8101556301116943,3,DF,0.038101556301116946,0.0,0.0,0.02615377294546828,-0.02993499208310911,0.0024014071160217637,0.72,-0.18,1.0
3.8101556301116943,3,DF,0.038101556301116946,0.0,0.0,0.01349960166948873,-0.019904053405370766,-0.005321675629033288,0.72,-0.18,1.0
3.8101556301116943,3,DF,0.038101556301116946,0.0,0.0,0.02602849357493534,-0.021740789452081542,-0.011524612844486809,0.72,-0.18,1.0
3.8101556301116943,3,DF,0.038101556301116946,0.0,0.0,0.017094534881442927,-0.011383239943405175,-0.006380769624288869,0.72,-0.18,1.0
3.8101556301116943,3,DF,0.038101556301116946,0.0,0.0,0.021384939552243507,-0.014728556086864505,-0.004288204468486626,0.72,-0.18,1.0
3.8101556301116943,3,DF,0.038101556301116946,0.0,0.0,0.03235641486544228,-0.019623554921069042,0.0007194941644000352,0.72,-0.18,1.0
3.8504858016967773,3,DF,0.03850485801696778,0.0,0.0,0.02597421195020391,-0.015678187545736126,-0.000967317148551291,0.72,-0.18,1.0
3.8504858016967773,3,DF,0.03850485801696778,0.0,0.0,0.033816421053198244,-0.011059159279068474,-0.007510082514371732,0.72,-0.18,1.0
3.8504858016967773,3,DF,0.03850485801696778,0.0,0.0,0.031998667619902985,-0.013047612605456612,1.579947916085916e-05,0.72,-0.18,1.0
3.8504858016967773,3,DF,0.03850485801696778,0.0,0.0,0.042330904547913537,-0.004880123120933543,-0.005447650411199145,0.72,-0.18,1.0
3.8504858016967773,3,DF,0.03850485801696778,0.0,0.0,0.045986488240185516,-0.016755031394687123,-0.009067012135612871,0.72,-0.18,1.0
3.8504858016967773,3,DF,0.03850485801696778,0.0,0.0,0.036812239863124985,-0.013615227906275893,-0.005090780020127198,0.72,-0.18,1.0
3.8504858016967773,3,DF,0.03850485801696778,0.0,0.0,0.03945137604860652,-0.017534557065868768,-0.004127516900848058,0.72,-0.18,1.0
3.8504858016967773,3,DF,0.03850485801696778,0.0,0.0,0.05443170018914928,-0.01507914212062926,-0.006719411383432323,0.72,-0.18,1.0
3.8504858016967773,3,DF,0.03850485801696778,0.0,0.0,0.05078446151726442,-0.024013639843059025,-0.014105765298400437,0.72,-0.18,1.0
3.8504858016967773,3,DF,0.03850485801696778,0.0,0.0,0.057195159764299536,-0.027910263344019384,-0.004928918256984033,0.72,-0.18,1.0
3.890789270401001,3,DF,0.03890789270401001,0.0,0.0,0.054884221633354054,-0.013354290699473973,-0.003941074570278328,0.72,-0.18,1.0
3.890789270401001,3,DF,0.03890789270401001,0.0,0.0,0.0562357793049621,-0.0221912360697514,-0.006873450028548846,0.72,-0.18,1.0
3.890789270401001,3,DF,0.03890789270401001,0.0,0.0,0.05904896898637846,-0.010959754674227728,-0.005620004894002192,0.72,-0.18,1.0
3.890789270401001,3,DF,0.03890789270401001,0.0,0.0,0.0583125850569832,-0.0040169173080653806,-0.01163869440312991,0.72,-0.18,1.0
3.890789270401001,3,DF,0.03890789270401001,0.0,0.0,0.03984936565581884,-0.003453926566579623,-0.011147062444169374,0.72,-0.18,1.0
3.890789270401001,3,DF,0.03890789270401001,0.0,0.0,0.026672152509898683,0.001899118960336727,-0.013786893892343548,0.72,-0.18,1.0
3.890789270401001,3,DF,0.03890789270401001,0.0,0.0,0.020395277077839953,-0.00412569815480155,-0.006308950478805319,0.72,-0.18,1.0
3.890789270401001,3,DF,0.03890789270401001,0.0,0.0,0.023936852170619402,-0.008610419099054658,-0.007300221168871906,0.72,-0.18,1.0
3.890789270401001,3,DF,0.03890789270401001,0.0,0.0,0.02829413004244892,-0.012975552321643649,-0.008689211661962007,0.72,-0.18,1.0
3.890789270401001,3,DF,0.03890789270401001,0.0,0.0,0.03266543358702709,-0.0014154808627574991,-0.007692456507275625,0.72,-0.18,1.0
3.9411842823028564,3,DF,0.039411842823028564,0.0,0.0,0.03157240271997095,-0.005726460750273363,-0.005449844439512852,0.72,-0.18,1.0
3.9411842823028564,3,DF,0.039411842823028564,0.0,0.0,0.04203102126416764,-0.012995772671990166,-0.009129800320717744,0.72,-0.18,1.0
3.9411842823028564,3,DF,0.039411842823028564,0.0,0.0,0.04018790517398271,-0.0186050757527448,-0.010148478232373605,0.72,-0.18,1.0
3.9411842823028564,3,DF,0.039411842823028564,0.0,0.0,0.04108885430418496,-0.02068632220003306,-0.006288877855530978,0.72,-0.18,1.0
3.9411842823028564,3,DF,0.039411842823028564,0.0,0.0,0.03983844201859212,-0.022093920648293675,-0.010328472767727923,0.72,-0.18,1.0
3.9411842823028564,3,DF,0.039411842823028564,0.0,0.0,0.03106634952870837,-0.014932573053262345,-0.00867472772622701,0.72,-0.18,1.0
3.9411842823028564,3,DF,0.039411842823028564,0.0,0.0,0.03760779519981128,-0.01972610956429041,-0.008498682836823769,0.72,-0.18,1.0
3.9411842823028564,3,DF,0.039411842823028564,0.0,0.0,0.04020216768905745,-0.01385469939256831,-0.012889428449701507,0.72,-0.18,1.0
3.9411842823028564,3,DF,0.039411842823028564,0.0,0.0,0.03518835598769022,-0.0006848076433931388,-0.005816851817672019,0.72,-0.18,1.0
3.9411842823028564,3,DF,0.039411842823028564,0.0,0.0,0.026316356006701083,0.006903229978493528,-0.012960699760755865,0.72,-0.18,1.0
3.9814789295196533,3,DF,0.03981478929519654,0.0,0.0,0.03581683341253372,-0.01140068986348738,-0.010529031624434452,0.72,-0.18,1.0
3.9814789295196533,3,DF,0.03981478929519654,0.0,0.0,0.02534431178866338,-0.012571153696127033,-0.007557579597093074,0.72,-0.18,1.0
3.9814789295196533,3,DF,0.03981478929519654,0.0,0.0,0.022056148699766055,-0.006841129452547877,-0.011665925931620608,0.72,-0.18,1.0
3.9814789295196533,3,DF,0.03981478929519654,0.0,0.0,0.03233533632064328,-0.008689645337170652,-0.0061644154747284,0.72,-0.18,1.0
3.9814789295196533,3,DF,0.03981478929519654,0.0,0.0,0.021518291188691956,-0.007972580514220087,-0.008506807811536786,0.72,-0.18,1.0
3.9814789295196533,3,DF,0.03981478929519654,0.0,0.0,0.03189936251348426,-0.008441811910335814,-0.003618703835591726,0.72,-0.18,1.0
3.9814789295196533,3,DF,0.03981478929519654,0.0,0.0,0.038697045673134346,-0.008147343865876174,-0.0062203595506420085,0.72,-0.18,1.0
3.9814789295196533,3,DF,0.03981478929519654,0.0,0.0,0.03116791596131848,-0.016667391466869803,-0.0006631757953990521,0.72,-0.18,1.0
3.9814789295196533,3,DF,0.03981478929519654,0.0,0.0,0.03321557951664776,-0.022839527636508986,-0.0025871780313410694,0.72,-0.18,1.0
3.9814789295196533,3,DF,0.03981478929519654,0.0,0.0,0.03554880554533355,-0.025316141940442766,0.0019340110224554555,0.72,-0.18,1.0
4.021796226501465,3,DF,0.04021796226501465,0.0,0.0,0.035435114181539905,-0.026548237478734388,-0.0019508461845370955,0.72,-0.18,1.0
4.021796226501465,3,DF,0.04021796226501465,0.0,0.0,0.033896433933780765,-0.03269709511237646,-0.005742872481549688,0.72,-0.18,1.0
4.021796226501465,3,DF,0.04021796226501465,0.0,0.0,0.04351141371226076,-0.021726775199760188,-0.008121602819232372,0.72,-0.18,1.0
4.021796226501465,3,DF,0.04021796226501465,0.0,0.0,0.04636077304389294,-0.01528928045023872,-0.01022657778066301,0.72,-0.18,1.0
4.021796226501465,3,DF,0.04021796226501465,0.0,0.0,0.04113971217264363,-0.014449669809068925,-0.005729077372435334,0.72,-0.18,1.0
4.021796226501465,3,DF,0.04021796226501465,0.0,0.0,0.03385971890908203,-0.012475823817130957,-0.0024156685924032048,0.72,-0.18,1.0
4.021796226501465,3,DF,0.04021796226501465,0.0,0.0,0.021095869624684804,-0.009078742802994408,-0.010626579747823944,0.72,-0.18,1.0
4.021796226501465,3,DF,0.04021796226501465,0.0,0.0,0.027980665730484366,-0.012569384741838215,-0.006906257577241006,0.72,-0.18,1.0
4.021796226501465,3,DF,0.04021796226501465,0.0,0.0,0.03363049019395586,-0.010476366364796185,-0.0036599096990310876,0.72,-0.18,1.0
4.072175741195679,3,DF,0.040721757411956785,0.0,0.0,0.02807517839841331,-0.012742385336730508,-0.001952440953186381,0.72,-0.18,1.0
4.072175741195679,3,DF,0.040721757411956785,0.0,0.0,0.042145919108684336,-0.0077106114037496405,0.00412667809501228,0.72,-0.18,1.0
4.072175741195679,3,DF,0.040721757411956785,0.0,0.0,0.039206883814631104,-0.015355513305976058,-0.005541107828196853,0.72,-0.18,1.0
4.072175741195679,3,DF,0.040721757411956785,0.0,0.0,0.04587238902670469,-0.020925480909464635,-0.010636392912488225,0.72,-0.18,1.0
4.072175741195679,3,DF,0.040721757411956785,0.0,0.0,0.040839371587583384,-0.021095598648359727,-0.012107615243656144,0.72,-0.18,1.0
4.072175741195679,3,DF,0.040721757411956785,0.0,0.0,0.050270988898235024,-0.018654432765452426,-0.006953864499123342,0.72,-0.18,1.0
4.072175741195679,3,DF,0.040721757411956785,0.0,0.0,0.04245488375366916,-0.01935989901340737,0.0010620041013374487,0.72,-0.18,1.0
4.072175741195679,3,DF,0.040721757411956785,0.0,0.0,0.026216878760492095,-0.01668315633347385,-0.0024666098681078185,0.72,-0.18,1.0
4.072175741195679,3,DF,0.040721757411956785,0.0,0.0,0.029096411748679548,-0.013102816001652352,-0.009482316396991831,0.72,-0.18,1.0
4.072175741195679,3,DF,0.040721757411956785,0.0,0.0,0.027983208972589175,-0.0029140531809669096,-0.005505446881666615,0.72,-0.18,1.0
4.112514019012451,3,DF,0.04112514019012451,0.0,0.0,0.03560869008131376,-9.457348976184614e-05,-0.004449202925112044,0.72,-0.18,1.0
4.112514019012451,3,DF,0.04112514019012451,0.0,0.0,0.03450140807669151,-0.016157623758827806,-0.00012071121721412592,0.72,-0.18,1.0
4.112514019012451,3,DF,0.04112514019012451,0.0,0.0,0.04589007191950309,-0.004775890296352585,0.00594770114760069,0.72,-0.18,1.0
4.112514019012451,3,DF,0.04112514019012451,0.0,0.0,0.03961002271185368,-0.001913204199809475,0.0036568164327097988,0.72,-0.18,1.0
4.112514019012451,3,DF,0.04112514019012451,0.0,0.0,0.03319485073629462,-0.021279609334945083,0.006218191544773708,0.72,-0.18,1.0
4.112514019012451,3,DF,0.04112514019012451,0.0,0.0,0.04060760999668484,-0.01732553297681111,-0.0006343723084731207,0.72,-0.18,1.0
4.112514019012451,3,DF,0.04112514019012451,0.0,0.0,0.043885509298719344,-0.0071939622300324175,0.004777723537615164,0.72,-0.18,1.0
4.112514019012451,3,DF,0.04112514019012451,0.0,0.0,0.04126637549545374,-0.007399896638861059,0.0031374988994890903,0.72,-0.18,1.0
4.112514019012451,3,DF,0.04112514019012451,0.0,0.0,0.03812024874620182,-0.007456571481982898,-0.0017272126148778753,0.72,-0.18,1.0
4.112514019012451,3,DF,0.04112514019012451,0.0,0.0,0.04248657566138144,-0.018500187546979085,0.0030511129413528185,0.72,-0.18,1.0
4.152805805206299,3,DF,0.04152805805206299,0.0,0.0,0.039101521120742395,-0.013069392618041221,0.0018119620052284755,0.72,-0.18,1.0
4.152805805206299,3,DF,0.04152805805206299,0.0,0.0,0.048683390148266316,-0.02132793839277749,-0.002189677575644331,0.72,-0.18,1.0
4.152805805206299,3,DF,0.04152805805206299,0.0,0.0,0.044097485792925405,-0.017358164856566657,-0.003736959509139625,0.72,-0.18,1.0
4.152805805206299,3,DF,0.04152805805206299,0.0,0.0,0.03824645463937709,-0.013611097889087915,-0.013816998277597062,0.72,-0.18,1.0
4.152805805206299,3,DF,0.04152805805206299,0.0,0.0,0.038340551563842654,-0.01643200605784102,-0.015008555171939518,0.72,-0.18,1.0
4.152805805206299,3,DF,0.04152805805206299,0.0,0.0,0.0422322304966062,0.0023872225146551076,-0.0161349977686607,0.72,-0.18,1.0
4.152805805206299,3,DF,0.04152805805206299,0.0,0.0,0.033025628564508594,0.00640657393177116,-0.012885080236341809,0.72,-0.18,1.0
4.152805805206299,3,DF,0.04152805805206299,0.0,0.0,0.0284069428378177,-0.002202842863751298,-0.009989022606731549,0.72,-0.18,1.0
4.152805805206299,3,DF,0.04152805805206299,0.0,0.0,0.0308132972253731,-0.010741088144891539,-0.0075647485364392746,0.72,-0.18,1.0
4.152805805206299,3,DF,0.04152805805206299,0.0,0.0,0.023860290792919424,-0.005646125450708523,-0.0030675536986623313,0.72,-0.18,1.0
4.1930999755859375,3,DF,0.04193099975585938,0.0,0.0,0.023996297658401566,0.0006875087608473958,-0.014874711126258513,0.72,-0.18,1.0
4.1930999755859375,3,DF,0.04193099975585938,0.0,0.0,0.017584455985385373,-0.0013502141460706978,-0.005224432861750038,0.72,-0.18,1.0
4.1930999755859375,3,DF,0.04193099975585938,0.0,0.0,0.030147345257923452,-0.006414848753767978,-0.008200181955161551,0.72,-0.18,1.0
4.1930999755859375,3,DF,0.04193099975585938,0.0,0.0,0.03994643932986695,-0.014766113576286034,-0.004023372664267931,0.72,-0.18,1.0
4.1930999755859375,3,DF,0.04193099975585938,0.0,0.0,0.03788811465047212,-0.004577602920495846,-0.008715751071391761,0.72,-0.18,1.0
4.1930999755859375,3,DF,0.04193099975585938,0.0,0.0,0.03570023518755454,0.0003068454541706166,-0.0022540064081320354,0.72,-0.18,1.0
4.1930999755859375,3,DF,0.04193099975585938,0.0,0.0,0.03341613927893522,-0.009197397683083388,-0.004775785731210359,0.72,-0.18,1.0
4.1930999755859375,3,DF,0.04193099975585938,0.0,0.0,0.038828637697858,-0.002504320077632487,0.0030304042901086385,0.72,-0.18,1.0
4.1930999755859375,3,DF,0.04193099975585938,0.0,0.0,0.039806066288202484,-0.0027013236375304233,-0.007326682163058097,0.72,-0.18,1.0
4.1930999755859375,3,DF,0.04193099975585938,0.0,0.0,0.03348480323593722,-0.00779367609959304,-0.008039445362134441,0.72,-0.18,1.0
4.243491888046265,3,DF,0.04243491888046265,0.0,0.0,0.03399383769955523,0.0006574796307871938,-0.0019378953796622212,0.72,-0.18,1.0
4.243491888046265,3,DF,0.04243491888046265,0.0,0.0,0.035610639329842035,-0.013698292990882183,-0.006403885085084248,0.72,-0.18,1.0
4.243491888046265,3,DF,0.04243491888046265,0.0,0.0,0.03572755258626134,-0.013491763059669483,-0.00042040900615485696,0.72,-0.18,1.0
4.243491888046265,3,DF,0.04243491888046265,0.0,0.0,0.03184177425157141,-0.002778886720651805,-0.0002848355981217639,0.72,-0.18,1.0
4.243491888046265,3,DF,0.04243491888046265,0.0,0.0,0.0390706591518572,-0.004532212989572091,0.000621544761575882,0.72,-0.18,1.0
4.243491888046265,3,DF,0.04243491888046265,0.0,0.0,0.04026169484658971,-0.003834445717018014,0.004378785385924827,0.72,-0.18,1.0
4.243491888046265,3,DF,0.04243491888046265,0.0,0.0,0.0397548541004809,-0.010547909485445137,0.004658231868454349,0.72,-0.18,1.0
4.243491888046265,3,DF,0.04243491888046265,0.0,0.0,0.04076646691360484,-0.009741723533033098,0.0012275182559292853,0.72,-0.18,1.0
4.243491888046265,3,DF,0.04243491888046265,0.0,0.0,0.03902512916327532,-0.006474160704062758,-0.0007430222875745835,0.72,-0.18,1.0
4.243491888046265,3,DF,0.04243491888046265,0.0,0.0,0.033051236970884315,-0.008211542322722053,0.001227412131964092,0.72,-0.18,1.0
4.283796548843384,3,DF,0.04283796548843384,0.0,0.0,0.032947648135787856,-0.008473527699883214,-0.0013396601091175177,0.72,-0.18,1.0
4.283796548843384,3,DF,0.04283796548843384,0.0,0.0,0.03553203953001261,-0.01059027698884289,-0.002439067120520598,0.72,-0.18,1.0
4.283796548843384,3,DF,0.04283796548843384,0.0,0.0,0.04112796560751374,-0.009405230896392683,-0.007076744652440657,0.72,-0.18,1.0
4.283796548843384,3,DF,0.04283796548843384,0.0,0.0,0.04709604800775985,-0.020843712721635252,-0.005084059993430637,0.72,-0.18,1.0
4.283796548843384,3,DF,0.04283796548843384,0.0,0.0,0.03625354640786768,-0.011407464729433825,-0.010145394032877276,0.72,-0.18,1.0
4.283796548843384,3,DF,0.04283796548843384,0.0,0.0,0.027437023760847338,-0.005638710963270909,-0.008717172925480464,0.72,-0.18,1.0
4.283796548843384,3,DF,0.04283796548843384,0.0,0.0,0.028705147680983346,-0.0006303522020260344,-0.006703263820429401,0.72,-0.18,1.0
4.283796548843384,3,DF,0.04283796548843384,0.0,0.0,0.030754382341023963,-0.010981788573382695,-0.0034470288055272478,0.72,-0.18,1.0
4.283796548843384,3,DF,0.04283796548843384,0.0,0.0,0.027130712942016143,-0.004830798475397287,-0.006804018616366294,0.72,-0.18,1.0
4.283796548843384,3,DF,0.04283796548843384,0.0,0.0,0.023890869556691226,-0.0066935148651813174,-0.005576945832618893,0.72,-0.18,1.0
4.324115037918091,3,DF,0.04324115037918091,0.0,0.0,0.0339271667430944,-0.018393736514582995,-0.0015472840849539414,0.72,-0.18,1.0
4.324115037918091,3,DF,0.04324115037918091,0.0,0.0,0.03312246162967088,-0.00637322635533771,-0.001197973619160413,0.72,-0.18,1.0
4.324115037918091,3,DF,0.04324115037918091,0.0,0.0,0.032739390217065,-0.006946907243576474,0.0020366881956725017,0.72,-0.18,1.0
4.324115037918091,3,DF,0.04324115037918091,0.0,0.0,0.03819000431113772,-0.0036098640419184366,0.0020954472780173945,0.72,-0.18,1.0
4.324115037918091,3,DF,0.04324115037918091,0.0,0.0,0.040940405277739414,-0.0026051432759141135,-0.003349551411448539,0.72,-0.18,1.0
4.324115037918091,3,DF,0.04324115037918091,0.0,0.0,0.04806084807314013,-0.0056418137751556045,-0.00285949788494551,0.72,-0.18,1.0
4.324115037918091,3,DF,0.04324115037918091,0.0,0.0,0.03909968537131677,-0.011006361772022485,-0.004847027082042937,0.72,-0.18,1.0
4.324115037918091,3,DF,0.04324115037918091,0.0,0.0,0.027779790665902433,-0.016647179101834404,-0.004563720612674908,0.72,-0.18,1.0
4.324115037918091,3,DF,0.04324115037918091,0.0,0.0,0.03646300466725149,-0.010955283302618968,-0.0043817452680535544,0.72,-0.18,1.0
4.324115037918091,3,DF,0.04324115037918091,0.0,0.0,0.024182683218685698,-0.01348267165043045,-0.003815346636152559,0.72,-0.18,1.0
4.364421606063843,3,DF,0.04364421606063843,0.0,0.0,0.02895503451495709,-0.02526044740630182,0.006133242816763512,0.72,-0.18,1.0
4.364421606063843,3,DF,0.04364421606063843,0.0,0.0,0.033960758385749246,-0.018232245933240163,-0.0028867226662197595,0.72,-0.18,1.0
4.364421606063843,3,DF,0.04364421606063843,0.0,0.0,0.0438965691390289,-0.027346716752005538,0.0002926269180957153,0.72,-0.18,1.0
4.364421606063843,3,DF,0.04364421606063843,0.0,0.0,0.04309840500534176,-0.022339007698968093,-0.0034353406190867977,0.72,-0.18,1.0
4.364421606063843,3,DF,0.04364421606063843,0.0,0.0,0.02861006182689766,-0.008396881781075945,0.0008138988822996751,0.72,-0.18,1.0
4.364421606063843,3,DF,0.04364421606063843,0.0,0.0,0.044251824985142116,-0.022766375904806332,-0.00851910543869966,0.72,-0.18,1.0
4.364421606063843,3,DF,0.04364421606063843,0.0,0.0,0.03868967648206898,-0.010112480060636515,-0.005125979060080798,0.72,-0.18,1.0
4.364421606063843,3,DF,0.04364421606063843,0.0,0.0,0.031250191004615735,-0.014812712665406973,-0.007613174483680375,0.72,-0.18,1.0
4.364421606063843,3,DF,0.04364421606063843,0.0,0.0,0.03523496744206408,-0.023227984621443532,-0.015615798328136903,0.72,-0.18,1.0
4.364421606063843,3,DF,0.04364421606063843,0.0,0.0,0.0491244502182084,-0.01007095541944031,-0.003742307869229071,0.72,-0.18,1.0
4.4148108959198,3,DF,0.044148108959198,0.0,0.0,0.03750334682585685,-0.007048136601633186,-0.010181472637106517,0.72,-0.18,1.0
4.4148108959198,3,DF,0.044148108959198,0.0,0.0,0.05183327812204702,-0.0041018210892189025,-0.011183735563993212,0.72,-0.18,1.0
4.4148108959198,3,DF,0.044148108959198,0.0,0.0,0.04891581344017153,-0.002137555565865874,-0.010814045125344441,0.72,-0.18,1.0
4.4148108959198,3,DF,0.044148108959198,0.0,0.0,0.03851740478365515,-0.00412616079973926,-0.003322467820850224,0.72,-0.18,1.0
4.4148108959198,3,DF,0.044148108959198,0.0,0.0,0.03761396696220125,-0.01598517712204138,-0.0034026738045775788,0.72,-0.18,1.0
4.4148108959198,3,DF,0.044148108959198,0.0,0.0,0.034325796132115775,-0.00748509218466984,2.2676315284621603e-05,0.72,-0.18,1.0
4.4148108959198,3,DF,0.044148108959198,0.0,0.0,0.03601237085229121,-0.012245332061069111,-0.002640616164210137,0.72,-0.18,1.0
4.4148108959198,3,DF,0.044148108959198,0.0,0.0,0.028170638510878022,-0.020277565026481485,-0.007514020915260384,0.72,-0.18,1.0
4.4148108959198,3,DF,0.044148108959198,0.0,0.0,0.03939822823731999,-0.01817862376337337,-0.006706339655647373,0.72,-0.18,1.0
4.4148108959198,3,DF,0.044148108959198,0.0,0.0,0.04316134146142001,-0.014306227968413555,-0.007713876458782217,0.72,-0.18,1.0
4.455118179321289,3,DF,0.04455118179321289,0.0,0.0,0.03399049186696035,-0.015173146670274527,-0.00497708206578989,0.72,-0.18,1.0
4.455118179321289,3,DF,0.04455118179321289,0.0,0.0,0.03404598653766825,-0.014554601789774474,-0.009125950466183502,0.72,-0.18,1.0
4.455118179321289,3,DF,0.04455118179321289,0.0,0.0,0.03902878201211883,-0.012251687046446805,-0.006527442346729323,0.72,-0.18,1.0
4.455118179321289,3,DF,0.04455118179321289,0.0,0.0,0.0412812864264467,-0.008739649507820415,-0.00036749866892055915,0.72,-0.18,1.0
4.455118179321289,3,DF,0.04455118179321289,0.0,0.0,0.02923918020823517,-0.012593029780171142,-0.005797882593192298,0.72,-0.18,1.0
4.455118179321289,3,DF,0.04455118179321289,0.0,0.0,0.0434506643988731,-0.017572621389244925,-0.002739335962603992,0.72,-0.18,1.0
4.455118179321289,3,DF,0.04455118179321289,0.0,0.0,0.03562740518041938,-0.014052776360630397,-0.001118732074263375,0.72,-0.18,1.0
4.455118179321289,3,DF,0.04455118179321289,0.0,0.0,0.042085248559023736,-0.011156291148516845,-0.0026061518008868487,0.72,-0.18,1.0
4.455118179321289,3,DF,0.04455118179321289,0.0,0.0,0.04625159124936521,-0.012256273226503222,-0.003045892015526073,0.72,-0.18,1.0
4.455118179321289,3,DF,0.04455118179321289,0.0,0.0,0.04565462086050053,-0.017739400649668804,-0.012746504633432616,0.72,-0.18,1.0
4.495412111282349,3,DF,0.044954121112823486,0.0,0.0,0.0406159867059848,0.0010673218467470514,-0.005678873440842076,0.72,-0.18,1.0
4.495412111282349,3,DF,0.044954121112823486,0.0,0.0,0.0344338303561132,0.004191066244155479,-0.005345497932806403,0.72,-0.18,1.0
4.495412111282349,3,DF,0.044954121112823486,0.0,0.0,0.03812019216409265,-0.0034251881862900815,-0.008949979514489934,0.72,-0.18,1.0
4.495412111282349,3,DF,0.044954121112823486,0.0,0.0,0.037589256211128366,-0.007271713584003438,-0.0037205289302872967,0.72,-0.18,1.0
4.495412111282349,3,DF,0.044954121112823486,0.0,0.0,0.03607230962678837,-0.013012985351497528,-0.00860589467861167,0.72,-0.18,1.0
4.495412111282349,3,DF,0.044954121112823486,0.0,0.0,0.04347211833722443,-0.011026896351613377,-0.006450118660476838,0.72,-0.18,1.0
4.495412111282349,3,DF,0.044954121112823486,0.0,0.0,0.04643324568958959,-0.005902272713322852,-0.005891422502176001,0.72,-0.18,1.0
4.495412111282349,3,DF,0.044954121112823486,0.0,0.0,0.05248238309174544,-0.01692242695685682,-0.005485981371642363,0.72,-0.18,1.0
4.495412111282349,3,DF,0.044954121112823486,0.0,0.0,0.037021710144766906,-0.006208631334166973,-0.005693306495284955,0.72,-0.18,1.0
4.495412111282349,3,DF,0.044954121112823486,0.0,0.0,0.03242964015043804,-0.016951580973417046,-0.007175139526978829,0.72,-0.18,1.0
4.545798301696777,3,DF,0.045457983016967775,0.0,0.0,0.031169720497477564,-0.015075447245987823,-0.0016268593564655507,0.72,-0.18,1.0
4.545798301696777,3,DF,0.045457983016967775,0.0,0.0,0.045747747389567286,-0.014051675549744581,-0.005284218722492186,0.72,-0.18,1.0
4.545798301696777,3,DF,0.045457983016967775,0.0,0.0,0.04220663656850558,-0.02488001708797622,-0.013050499723523746,0.72,-0.18,1.0
4.545798301696777,3,DF,0.045457983016967775,0.0,0.0,0.024081870868292686,-0.01756133346289168,-0.010052212028107261,0.72,-0.18,1.0
4.545798301696777,3,DF,0.045457983016967775,0.0,0.0,0.026312778369231165,-0.012465930671984076,-0.006836194603214965,0.72,-0.18,1.0
4.545798301696777,3,DF,0.045457983016967775,0.0,0.0,0.02721482939145535,-0.00842397829312397,-0.006790307848034312,0.72,-0.18,1.0
4.545798301696777,3,DF,0.045457983016967775,0.0,0.0,0.039439056378259923,-0.0026258376134863388,0.0010367295743024187,0.72,-0.18,1.0
4.545798301696777,3,DF,0.045457983016967775,0.0,0.0,0.045152658667052245,-0.01688789659447966,-0.005585810973408533,0.72,-0.18,1.0
4.545798301696777,3,DF,0.045457983016967775,0.0,0.0,0.044696970670768124,-0.01702199822471978,-0.011891246801461844,0.72,-0.18,1.0
4.586087942123413,3,DF,0.04586087942123413,0.0,0.0,0.03316880739986874,-0.0035121475925676713,-0.007939663274493521,0.72,-0.18,1.0
4.586087942123413,3,DF,0.04586087942123413,0.0,0.0,0.03921715188909909,-0.01816139651486841,-0.004746623426273591,0.72,-0.18,1.0
4.586087942123413,3,DF,0.04586087942123413,0.0,0.0,0.039091290588240166,-0.01774629392581948,-0.011459975594210386,0.72,-0.18,1.0
4.586087942123413,3,DF,0.04586087942123413,0.0,0.0,0.0411895198981372,-0.023783509618014252,-0.009368786987391893,0.72,-0.18,1.0
4.586087942123413,3,DF,0.04586087942123413,0.0,0.0,0.0272928999203785,-0.022391592233481913,-0.0069933761706499195,0.72,-0.18,1.0
4.586087942123413,3,DF,0.04586087942123413,0.0,0.0,0.043353233068467986,-0.02512520597280759,-0.008991658497176898,0.72,-0.18,1.0
4.586087942123413,3,DF,0.04586087942123413,0.0,0.0,0.03319495422336316,-0.020138577659816855,-0.009037701165694356,0.72,-0.18,1.0
4.586087942123413,3,DF,0.04586087942123413,0.0,0.0,0.03283111916167898,-0.013276248998656814,-0.00044980312883648643,0.72,-0.18,1.0
4.586087942123413,3,DF,0.04586087942123413,0.0,0.0,0.027494526488191184,-0.01681406804104953,-0.0032682236852420547,0.72,-0.18,1.0
4.586087942123413,3,DF,0.04586087942123413,0.0,0.0,0.03625981057502894,-0.009511529317414084,-0.004031997863263172,0.72,-0.18,1.0
4.626398801803589,3,DF,0.04626398801803589,0.0,0.0,0.03799711225692815,-0.006710272831152921,-0.00579621856080556,0.72,-0.18,1.0
4.626398801803589,3,DF,0.04626398801803589,0.0,0.0,0.03384789255334085,-0.004077748415060243,-0.014156040370286673,0.72,-0.18,1.0
4.626398801803589,3,DF,0.04626398801803589,0.0,0.0,0.03847291267748829,-0.005055910170528595,-0.00433967710119724,0.72,-0.18,1.0
4.626398801803589,3,DF,0.04626398801803589,0.0,0.0,0.043473505205795675,-0.009183132398898734,-0.008875516945131142,0.72,-0.18,1.0
4.626398801803589,3,DF,0.04626398801803589,0.0,0.0,0.04729516599949001,-0.013150697131514776,-0.003920532666966494,0.72,-0.18,1.0
4.626398801803589,3,DF,0.04626398801803589,0.0,0.0,0.04007154848154238,-0.010092536687434425,-0.007964762322055723,0.72,-0.18,1.0
4.626398801803589,3,DF,0.04626398801803589,0.0,0.0,0.03604350422464774,0.004606486545092847,-0.010229024625176582,0.72,-0.18,1.0
4.626398801803589,3,DF,0.04626398801803589,0.0,0.0,0.03314645468525463,-0.009183152331699989,-0.015443099202700926,0.72,-0.18,1.0
4.626398801803589,3,DF,0.04626398801803589,0.0,0.0,0.0422531597443791,-0.02027135664607301,-0.013501879882631823,0.72,-0.18,1.0
4.626398801803589,3,DF,0.04626398801803589,0.0,0.0,0.038958432786469425,-0.0008944865415775013,-0.01935818130963239,0.72,-0.18,1.0
4.666710615158081,3,DF,0.04666710615158081,0.0,0.0,0.04086525359427637,-0.01446352672314256,-0.013310962420935815,0.72,-0.18,1.0
4.666710615158081,3,DF,0.04666710615158081,0.0,0.0,0.03892094685824057,-0.01250070720566502,-0.011612509583876076,0.72,-0.18,1.0
4.666710615158081,3,DF,0.04666710615158081,0.0,0.0,0.029456751486812153,-0.013359664832318102,-0.013286195999542998,0.72,-0.18,1.0
4.666710615158081,3,DF,0.04666710615158081,0.0,0.0,0.031938430328466105,-0.011879028499816535,-0.004845459223926469,0.72,-0.18,1.0
4.666710615158081,3,DF,0.04666710615158081,0.0,0.0,0.0374700390022218,-0.011640168309754227,-0.0028591021814601807,0.72,-0.18,1.0
4.666710615158081,3,DF,0.04666710615158081,0.0,0.0,0.03906016337131675,-0.010124790585556352,-0.000663829506964999,0.72,-0.18,1.0
4.666710615158081,3,DF,0.04666710615158081,0.0,0.0,0.04217591821798163,-0.008288938978423815,-0.006477717408503771,0.72,-0.18,1.0
4.666710615158081,3,DF,0.04666710615158081,0.0,0.0,0.03615708321379158,-0.012366351470268684,-0.00818343366330353,0.72,-0.18,1.0
4.666710615158081,3,DF,0.04666710615158081,0.0,0.0,0.03200088962894573,-0.012250486781295518,-0.004420553914966534,0.72,-0.18,1.0
4.666710615158081,3,DF,0.04666710615158081,0.0,0.0,0.041372065404889476,-0.009715532775267158,-0.012421261004665438,0.72,-0.18,1.0
4.717087030410767,3,DF,0.047170870304107666,0.0,0.0,0.03932536769550928,-0.005230735607519577,-0.009391405043882247,0.72,-0.18,1.0
4.717087030410767,3,DF,0.047170870304107666,0.0,0.0,0.04166592268145358,-0.006556029587902802,-0.017499230223356452,0.72,-0.18,1.0
4.717087030410767,3,DF,0.047170870304107666,0.0,0.0,0.04367030209321109,-0.009872009756326634,-0.010615678897535364,0.72,-0.18,1.0
4.717087030410767,3,DF,0.047170870304107666,0.0,0.0,0.04139476610182071,-0.006563540234751202,-0.014283867637585285,0.72,-0.18,1.0
4.717087030410767,3,DF,0.047170870304107666,0.0,0.0,0.05205482703127696,-0.015423579030144434,-0.009969425228741604,0.72,-0.18,1.0
4.717087030410767,3,DF,0.047170870304107666,0.0,0.0,0.04925661221420151,-0.020463157722048875,-0.012237839974977294,0.72,-0.18,1.0
4.717087030410767,3,DF,0.047170870304107666,0.0,0.0,0.04123999574848349,-0.012554988624662674,-0.004330031896238887,0.72,-0.18,1.0
4.717087030410767,3,DF,0.047170870304107666,0.0,0.0,0.04181929328858538,-0.012367751175775016,-0.00590920612170834,0.72,-0.18,1.0
4.717087030410767,3,DF,0.047170870304107666,0.0,0.0,0.039994751428237024,-0.0059655306201892465,-0.01016656915436721,0.72,-0.18,1.0
4.717087030410767,3,DF,0.047170870304107666,0.0,0.0,0.04645975201980293,-0.00379762966867891,-0.006094652410715471,0.72,-0.18,1.0
4.757385492324829,3,DF,0.04757385492324829,0.0,0.0,0.047688416431696995,-0.018448901201242013,-0.0017958243141895697,0.72,-0.18,1.0
4.757385492324829,3,DF,0.04757385492324829,0.0,0.0,0.03568515413290037,-0.019758856839754802,0.004501564806777257,0.72,-0.18,1.0
4.757385492324829,3,DF,0.04757385492324829,0.0,0.0,0.04125374360712515,-0.03105974608487131,0.002815515458752059,0.72,-0.18,1.0
4.757385492324829,3,DF,0.04757385492324829,0.0,0.0,0.049068669409645715,-0.011173629311371468,0.004996737063012454,0.72,-0.18,1.0
4.757385492324829,3,DF,0.04757385492324829,0.0,0.0,0.038765685467303704,-0.016035273234374505,0.0056738462624537035,0.72,-0.18,1.0
4.757385492324829,3,DF,0.04757385492324829,0.0,0.0,0.04199014633695212,-0.00265515466728104,0.005158803335529978,0.72,-0.18,1.0
4.757385492324829,3,DF,0.04757385492324829,0.0,0.0,0.04550669981733993,-0.01910631292067665,-0.0013856248171150688,0.72,-0.18,1.0
4.757385492324829,3,DF,0.04757385492324829,0.0,0.0,0.03215040181876241,-0.010923002748040886,-0.0022269915260993596,0.72,-0.18,1.0
4.757385492324829,3,DF,0.04757385492324829,0.0,0.0,0.02534193841905012,-0.009635058771589105,-0.004966296686890751,0.72,-0.18,1.0
4.757385492324829,3,DF,0.04757385492324829,0.0,0.0,0.01937487573166803,-0.006503236613641357,-0.004187034522646258,0.72,-0.18,1.0
4.797680854797363,3,DF,0.047976808547973634,0.0,0.0,0.019479035599494196,-0.018366022023914276,-0.0016168626407528602,0.72,-0.18,1.0
4.797680854797363,3,DF,0.047976808547973634,0.0,0.0,0.02610552790858142,-0.005347550583933571,-0.010431480794699535,0.72,-0.18,1.0
4.797680854797363,3,DF,0.047976808547973634,0.0,0.0,0.031049752965437712,-0.015220549941964224,-0.012678076146741131,0.72,-0.18,1.0
4.797680854797363,3,DF,0.047976808547973634,0.0,0.0,0.041927995040036053,0.0007537036961361786,-0.005851775438277706,0.72,-0.18,1.0
4.797680854797363,3,DF,0.047976808547973634,0.0,0.0,0.05072595711850852,-0.013749393591958071,-0.006325733269088583,0.72,-0.18,1.0
4.797680854797363,3,DF,0.047976808547973634,0.0,0.0,0.045394384513428525,-0.017798324009062387,-0.006237850601541732,0.72,-0.18,1.0
4.797680854797363,3,DF,0.047976808547973634,0.0,0.0,0.04823335562737897,-0.012511980794345694,-0.008777941569215863,0.72,-0.18,1.0
4.797680854797363,3,DF,0.047976808547973634,0.0,0.0,0.04756531821396373,-0.014235259621052005,-0.008364216313930306,0.72,-0.18,1.0
4.797680854797363,3,DF,0.047976808547973634,0.0,0.0,0.04584299835858369,-0.013179190618279867,-0.005509875272573174,0.72,-0.18,1.0
4.797680854797363,3,DF,0.047976808547973634,0.0,0.0,0.03726952746990047,-0.012735708634626234,-0.00497158683105884,0.72,-0.18,1.0
4.837998867034912,3,DF,0.04837998867034912,0.0,0.0,0.04610913328151556,-0.0009882196176227776,0.001956584664118294,0.72,-0.18,1.0
4.837998867034912,3,DF,0.04837998867034912,0.0,0.0,0.045560253891764886,-0.007119342447871493,0.005570403787257338,0.72,-0.18,1.0
4.837998867034912,3,DF,0.04837998867034912,0.0,0.0,0.04566618991198477,-0.005512100619722562,-0.0006624468626800596,0.72,-0.18,1.0
4.837998867034912,3,DF,0.04837998867034912,0.0,0.0,0.03662972664032297,-0.009034953677795686,0.002069066693781395,0.72,-0.18,1.0
4.837998867034912,3,DF,0.04837998867034912,0.0,0.0,0.04201370255065994,-0.011085432979824054,-0.0034570190193851853,0.72,-0.18,1.0
4.837998867034912,3,DF,0.04837998867034912,0.0,0.0,0.05078521949942121,-0.012177725118956234,-0.003114254332484392,0.72,-0.18,1.0
4.837998867034912,3,DF,0.04837998867034912,0.0,0.0,0.041282207569266594,-0.021449385973634407,0.0015086321689327313,0.72,-0.18,1.0
4.837998867034912,3,DF,0.04837998867034912,0.0,0.0,0.035263385995233903,-0.024243737693767017,0.0005786120641650128,0.72,-0.18,1.0
4.837998867034912,3,DF,0.04837998867034912,0.0,0.0,0.04497936382760445,-0.024556538323037023,-0.009119253358366287,0.72,-0.18,1.0
4.837998867034912,3,DF,0.04837998867034912,0.0,0.0,0.04892319471477744,-0.010903883884903352,-0.007448643242349702,0.72,-0.18,1.0
4.888381004333496,3,DF,0.04888381004333496,0.0,0.0,0.04938388209224751,-0.01586629919514774,-0.006554258265683569,0.72,-0.18,1.0
4.888381004333496,3,DF,0.04888381004333496,0.0,0.0,0.04508598721547256,-0.012023272712782756,-0.005223420789397297,0.72,-0.18,1.0
4.888381004333496,3,DF,0.04888381004333496,0.0,0.0,0.04493332641135741,-0.015150244030775348,-0.0035008900543521413,0.72,-0.18,1.0
4.888381004333496,3,DF,0.04888381004333496,0.0,0.0,0.03486167757525538,-0.014620838529106266,0.0027030561168240423,0.72,-0.18,1.0
4.888381004333496,3,DF,0.04888381004333496,0.0,0.0,0.029017095520442935,-0.00975896527049424,-0.003558881459953307,0.72,-0.18,1.0
4.888381004333496,3,DF,0.04888381004333496,0.0,0.0,0.029748745204850397,-0.02313432703798014,-0.0026163650721323186,0.72,-0.18,1.0
4.888381004333496,3,DF,0.04888381004333496,0.0,0.0,0.04239010140388022,-0.014259109938306772,-0.006477181705874991,0.72,-0.18,1.0
4.888381004333496,3,DF,0.04888381004333496,0.0,0.0,0.0477236929721088,-0.013985283466113795,-0.0029383618909481577,0.72,-0.18,1.0
4.888381004333496,3,DF,0.04888381004333496,0.0,0.0,0.03572169669672454,-0.021747152453551945,-0.008672429230852575,0.72,-0.18,1.0
4.888381004333496,3,DF,0.04888381004333496,0.0,0.0,0.04652041762985808,-0.014678317558846328,-0.009192409328753905,0.72,-0.18,1.0
4.928664684295654,3,DF,0.04928664684295654,0.0,0.0,0.048571245486579595,-0.009430890976510906,-0.006000552030453994,0.72,-0.18,1.0
4.928664684295654,3,DF,0.04928664684295654,0.0,0.0,0.050411551093084046,-0.007872497360527175,-0.0037529919885439683,0.72,-0.18,1.0
4.928664684295654,3,DF,0.04928664684295654,0.0,0.0,0.043636061031863606,-0.008727886232985363,-0.0033143408208681077,0.72,-0.18,1.0
4.928664684295654,3,DF,0.04928664684295654,0.0,0.0,0.037382951501277746,-0.005442050382444204,-0.0049678928441703775,0.72,-0.18,1.0
4.928664684295654,3,DF,0.04928664684295654,0.0,0.0,0.03895965887770556,-0.008549054143766154,-0.01123856975309415,0.72,-0.18,1.0
4.928664684295654,3,DF,0.04928664684295654,0.0,0.0,0.03226221308642253,-0.009000650818383629,-0.010503076997411506,0.72,-0.18,1.0
4.928664684295654,3,DF,0.04928664684295654,0.0,0.0,0.04191995949408431,-0.009145929589911133,-0.0006220962236232064,0.72,-0.18,1.0
4.928664684295654,3,DF,0.04928664684295654,0.0,0.0,0.04008573214790677,-0.019311195415629288,0.0016036281530777447,0.72,-0.18,1.0
4.928664684295654,3,DF,0.04928664684295654,0.0,0.0,0.03628649514823342,-0.017778350611261505,-0.004357830455664883,0.72,-0.18,1.0
4.928664684295654,3,DF,0.04928664684295654,0.0,0.0,0.03887518856523922,-0.018502095950798225,-0.008673462091061061,0.72,-0.18,1.0
4.968963146209717,3,DF,0.04968963146209717,0.0,0.0,0.025741809751028966,-0.015925920408914898,-0.013127638117988989,0.72,-0.18,1.0
4.968963146209717,3,DF,0.04968963146209717,0.0,0.0,0.02201125786741113,0.004751263790004235,-0.004914904235327882,0.72,-0.18,1.0
4.968963146209717,3,DF,0.04968963146209717,0.0,0.0,0.026869560315556866,-0.003794614068291348,-0.0016015211423238231,0.72,-0.18,1.0
4.968963146209717,3,DF,0.04968963146209717,0.0,0.0,0.02915384385645159,-0.011796420636346897,-0.0036508381325660194,0.72,-0.18,1.0
4.968963146209717,3,DF,0.04968963146209717,0.0,0.0,0.029430799538525267,-0.011262011565468733,-0.006616080455586777,0.72,-0.18,1.0
4.968963146209717,3,DF,0.04968963146209717,0.0,0.0,0.044732875532548316,-0.015936150117607094,-0.0009276232565629233,0.72,-0.18,1.0
4.968963146209717,3,DF,0.04968963146209717,0.0,0.0,0.043385729855722685,-0.01808712308285388,-0.006609935833054024,0.72,-0.18,1.0
4.968963146209717,3,DF,0.04968963146209717,0.0,0.0,0.0530617525223766,-0.019674094393287718,-0.004185691678166658,0.72,-0.18,1.0
4.968963146209717,3,DF,0.04968963146209717,0.0,0.0,0.06397817860345341,-0.021170466950015725,-0.004322843687345474,0.72,-0.18,1.0
4.968963146209717,3,DF,0.04968963146209717,0.0,0.0,0.05234948228590378,-0.016530536798322105,-0.003553939078757401,0.72,-0.18,1.0
5.019347429275513,3,DF,0.05019347429275513,0.0,0.0,0.054239950519268644,-0.017072092427085406,-0.005765758623002639,0.72,-0.18,1.0
5.019347429275513,3,DF,0.05019347429275513,0.0,0.0,0.054976748983124,-0.014299019953108495,-0.008740671274698034,0.72,-0.18,1.0
5.019347429275513,3,DF,0.05019347429275513,0.0,0.0,0.04270974315177892,-0.013024070172661635,-0.004212558240617411,0.72,-0.18,1.0
5.019347429275513,3,DF,0.05019347429275513,0.0,0.0,0.045802447369116296,-0.010869727744095087,-0.002354906093951581,0.72,-0.18,1.0
5.019347429275513,3,DF,0.05019347429275513,0.0,0.0,0.050737199745184175,-0.010099044523295997,-0.005254184263314106,0.72,-0.18,1.0
5.019347429275513,3,DF,0.05019347429275513,0.0,0.0,0.0561347795508759,-0.01843725004608243,-0.00842401433409739,0.72,-0.18,1.0
5.019347429275513,3,DF,0.05019347429275513,0.0,0.0,0.05148033786323813,-0.008252227257294702,-0.009811682379508958,0.72,-0.18,1.0
5.019347429275513,3,DF,0.05019347429275513,0.0,0.0,0.042083759514289845,-0.014082949135018409,-0.011203713463634746,0.72,-0.18,1.0
5.019347429275513,3,DF,0.05019347429275513,0.0,0.0,0.03791220216516333,-0.015372245028990185,-0.011326626181010822,0.72,-0.18,1.0
5.019347429275513,3,DF,0.05019347429275513,0.0,0.0,0.04181524352510999,-0.0042149459168947375,-0.007062412707750174,0.72,-0.18,1.0
5.059647798538208,3,DF,0.05059647798538208,0.0,0.0,0.04363703440954967,-0.016995843051506608,-0.00028384811082917473,0.72,-0.18,1.0
5.059647798538208,3,DF,0.05059647798538208,0.0,0.0,0.04963460487481759,-0.016262115696865906,0.001348891770003623,0.72,-0.18,1.0
5.059647798538208,3,DF,0.05059647798538208,0.0,0.0,0.049050216344307965,-0.010948240907627266,0.0005861302084853559,0.72,-0.18,1.0
5.059647798538208,3,DF,0.05059647798538208,0.0,0.0,0.038042489510717516,-0.016458687140813836,0.00250422081655445,0.72,-0.18,1.0
5.059647798538208,3,DF,0.05059647798538208,0.0,0.0,0.040616677551092814,-0.013664959776372361,0.0015364158352535013,0.72,-0.18,1.0
5.059647798538208,3,DF,0.05059647798538208,0.0,0.0,0.03779163247667042,-0.013007644533851417,-0.0006708288434171809,0.72,-0.18,1.0
5.059647798538208,3,DF,0.05059647798538208,0.0,0.0,0.03301129595073111,-0.018783457969555353,0.0011464451656030153,0.72,-0.18,1.0
5.059647798538208,3,DF,0.05059647798538208,0.0,0.0,0.040199535120437994,-0.010231625015959122,0.0052745123035730585,0.72,-0.18,1.0
5.059647798538208,3,DF,0.05059647798538208,0.0,0.0,0.04647805763603273,-0.012577263279846538,0.005999798629280632,0.72,-0.18,1.0
5.059647798538208,3,DF,0.05059647798538208,0.0,0.0,0.03463707795046056,-0.004576570112091733,0.006437663443279737,0.72,-0.18,1.0
5.099973917007446,3,DF,0.050999739170074464,0.0,0.0,0.04805847119645739,-0.0017907922985123954,0.011012385129244216,0.72,-0.18,1.0
5.099973917007446,3,DF,0.050999739170074464,0.0,0.0,0.040616106518852446,-0.022709934262870254,0.004501133346543712,0.72,-0.18,1.0
5.099973917007446,3,DF,0.050999739170074464,0.0,0.0,0.033377930389329374,-0.015673031633411754,-0.0007229615369163041,0.72,-0.18,1.0
5.099973917007446,3,DF,0.050999739170074464,0.0,0.0,0.03180556454560089,-0.01378409498200542,-0.0006405377620414662,0.72,-0.18,1.0
5.099973917007446,3,DF,0.050999739170074464,0.0,0.0,0.03878312285674153,-0.008043510488133562,8.893458641604181e-05,0.72,-0.18,1.0
5.099973917007446,3,DF,0.050999739170074464,0.0,0.0,0.02918614807120268,-0.007828240930025864,0.0007829253815890144,0.72,-0.18,1.0
5.099973917007446,3,DF,0.050999739170074464,0.0,0.0,0.02663615064962901,-0.01840853463791573,0.004051617190878425,0.72,-0.18,1.0
5.099973917007446,3,DF,0.050999739170074464,0.0,0.0,0.026637045215720388,-0.0077290458200236,-0.002023870714505609,0.72,-0.18,1.0
5.099973917007446,3,DF,0.050999739170074464,0.0,0.0,0.03646997107909915,-0.01631202629111033,-0.005340956305240583,0.72,-0.18,1.0
5.140277862548828,3,DF,0.05140277862548828,0.0,0.0,0.04052915274315852,-0.007191664149051189,-0.00399508631605056,0.72,-0.18,1.0
5.140277862548828,3,DF,0.05140277862548828,0.0,0.0,0.039845902910591945,-0.02150479045056326,-0.011182210354500732,0.72,-0.18,1.0
5.140277862548828,3,DF,0.05140277862548828,0.0,0.0,0.04455321597065596,-0.011115444783162105,-0.010853290719767886,0.72,-0.18,1.0
5.140277862548828,3,DF,0.05140277862548828,0.0,0.0,0.039346043638442595,-0.007658945650794902,-0.003418676464104133,0.72,-0.18,1.0
5.140277862548828,3,DF,0.05140277862548828,0.0,0.0,0.043467811785886615,-0.005035496749497648,-0.004847910922938026,0.72,-0.18,1.0
5.140277862548828,3,DF,0.05140277862548828,0.0,0.0,0.04425721236072587,-0.009476305210674135,-0.0013539168163315151,0.72,-0.18,1.0
5.140277862548828,3,DF,0.05140277862548828,0.0,0.0,0.03133146761674319,-0.0032801674523489036,-0.00010659075111038086,0.72,-0.18,1.0
5.140277862548828,3,DF,0.05140277862548828,0.0,0.0,0.0472955419434926,-0.008737980864545003,-0.0022002448437923585,0.72,-0.18,1.0
5.140277862548828,3,DF,0.05140277862548828,0.0,0.0,0.04649594668935301,-0.013367490622838464,-0.00554553189816375,0.72,-0.18,1.0
5.140277862548828,3,DF,0.05140277862548828,0.0,0.0,0.053284973288371146,-0.008568105687216145,0.00206690276448112,0.72,-0.18,1.0
5.19065523147583,3,DF,0.051906552314758304,0.0,0.0,0.04990884499714508,-0.0067262988436744805,-0.0002648522381655041,0.72,-0.18,1.0
5.19065523147583,3,DF,0.051906552314758304,0.0,0.0,0.04826328838985793,-0.006037062627205066,0.003964240487129253,0.72,-0.18,1.0
5.19065523147583,3,DF,0.051906552314758304,0.0,0.0,0.03861237633439766,-0.002459722187065083,0.0003017206279483323,0.72,-0.18,1.0
5.19065523147583,3,DF,0.051906552314758304,0.0,0.0,0.046199700752666224,-0.007512031527464447,0.003101235828951878,0.72,-0.18,1.0
5.19065523147583,3,DF,0.051906552314758304,0.0,0.0,0.042625847578128324,0.008101239076346725,0.00265379413283509,0.72,-0.18,1.0
5.19065523147583,3,DF,0.051906552314758304,0.0,0.0,0.04326419919881965,0.006831009228438411,0.00042772717822446116,0.72,-0.18,1.0
5.19065523147583,3,DF,0.051906552314758304,0.0,0.0,0.042243910847450813,-0.007647903688264857,-0.009070791123871172,0.72,-0.18,1.0
5.19065523147583,3,DF,0.051906552314758304,0.0,0.0,0.02936927794314644,-0.01406389773694964,-0.01024250255528842,0.72,-0.18,1.0
5.19065523147583,3,DF,0.051906552314758304,0.0,0.0,0.023270088895267042,-0.009057886829490136,-0.01143871992841692,0.72,-0.18,1.0
5.19065523147583,3,DF,0.051906552314758304,0.0,0.0,0.03173780852557637,-0.011432314803810616,-0.006749674361410508,0.72,-0.18,1.0
5.230979681015015,3,DF,0.05230979681015015,0.0,0.0,0.03686094816984636,-0.01592031249994437,-0.0065366136053652225,0.72,-0.18,1.0
5.230979681015015,3,DF,0.05230979681015015,0.0,0.0,0.03719565083907094,-0.009521089149503222,-0.003968611607238774,0.72,-0.18,1.0
5.230979681015015,3,DF,0.05230979681015015,0.0,0.0,0.040981694776336786,-0.019338871892264194,-0.004051433174466174,0.72,-0.18,1.0
5.230979681015015,3,DF,0.05230979681015015,0.0,0.0,0.0409523367459407,-0.0030246569266113915,-0.0030282760775803873,0.72,-0.18,1.0
5.230979681015015,3,DF,0.05230979681015015,0.0,0.0,0.047306323942716666,-0.018543189681042394,-0.009692068310732653,0.72,-0.18,1.0
5.230979681015015,3,DF,0.05230979681015015,0.0,0.0,0.03485331453418367,-0.01551719004573094,-0.004612851787890756,0.72,-0.18,1.0
5.230979681015015,3,DF,0.05230979681015015,0.0,0.0,0.05058832583000644,-0.016687819416562256,0.005946763809148337,0.72,-0.18,1.0
5.230979681015015,3,DF,0.05230979681015015,0.0,0.0,0.04245550467903337,-0.01743276158320554,0.009159550842983677,0.72,-0.18,1.0
5.230979681015015,3,DF,0.05230979681015015,0.0,0.0,0.04004754982954542,-0.018517603288083814,-6.3810366468997e-05,0.72,-0.18,1.0
5.230979681015015,3,DF,0.05230979681015015,0.0,0.0,0.04283272233216847,0.003582096954698891,-0.007127666794411058,0.72,-0.18,1.0
5.271303653717041,3,DF,0.05271303653717041,0.0,0.0,0.04639686733863407,0.005193575273204178,-0.009860628418134168,0.72,-0.18,1.0
5.271303653717041,3,DF,0.05271303653717041,0.0,0.0,0.04720267096111893,-0.005465624478619886,-0.005844633075486033,0.72,-0.18,1.0
5.271303653717041,3,DF,0.05271303653717041,0.0,0.0,0.03397589153710926,0.0008425001727614035,-0.004220419239048376,0.72,-0.18,1.0
5.271303653717041,3,DF,0.05271303653717041,0.0,0.0,0.03274592445843306,-0.011346496325759223,0.00039577296991511943,0.72,-0.18,1.0
5.271303653717041,3,DF,0.05271303653717041,0.0,0.0,0.04180331117237492,-0.002871339068396498,-0.006388213080992824,0.72,-0.18,1.0
5.271303653717041,3,DF,0.05271303653717041,0.0,0.0,0.02973138919227321,-0.017470163677951837,-0.005863662173593281,0.72,-0.18,1.0
5.271303653717041,3,DF,0.05271303653717041,0.0,0.0,0.04520289639938505,-0.015161728217361947,-0.0013688911712852942,0.72,-0.18,1.0
5.271303653717041,3,DF,0.05271303653717041,0.0,0.0,0.048461406911699735,-0.011626999970999299,0.00039896590338041267,0.72,-0.18,1.0
5.271303653717041,3,DF,0.05271303653717041,0.0,0.0,0.04570957140393887,-0.01773039353225601,-0.006818252661899011,0.72,-0.18,1.0
5.271303653717041,3,DF,0.05271303653717041,0.0,0.0,0.04882118096667804,-0.017921450733242188,-0.012036974508207019,0.72,-0.18,1.0
5.321676731109619,3,DF,0.053216767311096196,0.0,0.0,0.05244146101449402,-0.013069127652490882,-0.005488696347801364,0.72,-0.18,1.0
5.321676731109619,3,DF,0.053216767311096196,0.0,0.0,0.04751242669588093,-0.0022855398421666147,-0.007438609640466236,0.72,-0.18,1.0
5.321676731109619,3,DF,0.053216767311096196,0.0,0.0,0.04864037576480521,-0.004033863043239431,-0.0015880762347085203,0.72,-0.18,1.0
5.321676731109619,3,DF,0.053216767311096196,0.0,0.0,0.05079573140690052,-0.0022083933236709537,-0.0012053800210167652,0.72,-0.18,1.0
5.321676731109619,3,DF,0.053216767311096196,0.0,0.0,0.05343274742623986,-0.0007886993441723096,-0.0016160573576535203,0.72,-0.18,1.0
5.321676731109619,3,DF,0.053216767311096196,0.0,0.0,0.0486018184694396,-0.0027305329025063257,-0.0020877336612636246,0.72,-0.18,1.0
5.321676731109619,3,DF,0.053216767311096196,0.0,0.0,0.04789570769541282,-0.0024715870210130966,0.0015622404168442044,0.72,-0.18,1.0
5.321676731109619,3,DF,0.053216767311096196,0.0,0.0,0.04100928964303376,-0.0029842602652786136,-0.010739381838666736,0.72,-0.18,1.0
5.321676731109619,3,DF,0.053216767311096196,0.0,0.0,0.03729733312260539,0.006886670078574965,-0.003620202024617786,0.72,-0.18,1.0
5.321676731109619,3,DF,0.053216767311096196,0.0,0.0,0.03950147196375869,0.012841906816756721,0.001187803884828011,0.72,-0.18,1.0
5.361983299255371,3,DF,0.05361983299255371,0.0,0.0,0.04896965020301288,0.001050829150208446,9.701171650756652e-05,0.72,-0.18,1.0
5.361983299255371,3,DF,0.05361983299255371,0.0,0.0,0.047837624999341175,-0.0015350703280240126,-0.004151569430512326,0.72,-0.18,1.0
5.361983299255371,3,DF,0.05361983299255371,0.0,0.0,0.040853646220377425,-0.005871048844778493,-0.0030271596409641084,0.72,-0.18,1.0
5.361983299255371,3,DF,0.05361983299255371,0.0,0.0,0.04324583042096647,-0.0017055314793447043,-0.009058557411565984,0.72,-0.18,1.0
5.361983299255371,3,DF,0.05361983299255371,0.0,0.0,0.038111585646456426,-0.0010928089817284752,0.00036522795381304784,0.72,-0.18,1.0
5.361983299255371,3,DF,0.05361983299255371,0.0,0.0,0.03625545157213923,-0.0029847331454331367,-0.005900303594338924,0.72,-0.18,1.0
5.361983299255371,3,DF,0.05361983299255371,0.0,0.0,0.04559796946958646,0.007758288896889545,-0.00704301831511124,0.72,-0.18,1.0
5.361983299255371,3,DF,0.05361983299255371,0.0,0.0,0.04387948782648433,-0.009448077684747975,-0.001982141352121665,0.72,-0.18,1.0
5.361983299255371,3,DF,0.05361983299255371,0.0,0.0,0.04656034166784237,-0.01894108094905286,-0.00614099549949365,0.72,-0.18,1.0
5.361983299255371,3,DF,0.05361983299255371,0.0,0.0,0.046114287563516564,-0.016594021524220768,-0.0021494591782246046,0.72,-0.18,1.0
5.402281045913696,3,DF,0.05402281045913696,0.0,0.0,0.04602678451599348,-0.013799965318299703,-1.0851462954267512e-05,0.72,-0.18,1.0
5.402281045913696,3,DF,0.05402281045913696,0.0,0.0,0.0429543662894787,-0.009904435726735389,-0.005750865639289922,0.72,-0.18,1.0
5.402281045913696,3,DF,0.05402281045913696,0.0,0.0,0.05808693368413466,-0.008075613583329326,-0.0008163823331264224,0.72,-0.18,1.0
5.402281045913696,3,DF,0.05402281045913696,0.0,0.0,0.05063806358497875,0.008415559250252986,-0.008051845183953082,0.72,-0.18,1.0
5.402281045913696,3,DF,0.05402281045913696,0.0,0.0,0.04770719556379768,-0.0024700566740631868,-0.0027448945625656246,0.72,-0.18,1.0
5.402281045913696,3,DF,0.05402281045913696,0.0,0.0,0.04357232634373797,0.002118094049125447,-0.0028375803412681927,0.72,-0.18,1.0
5.402281045913696,3,DF,0.05402281045913696,0.0,0.0,0.06077111045240587,-0.012258686517074556,-0.000622534673521487,0.72,-0.18,1.0
5.402281045913696,3,DF,0.05402281045913696,0.0,0.0,0.04517726917547486,-0.017696847155329456,0.002493867822419442,0.72,-0.18,1.0
5.402281045913696,3,DF,0.05402281045913696,0.0,0.0,0.04057857677631931,-0.010352030450869685,-0.004768557861033666,0.72,-0.18,1.0
5.402281045913696,3,DF,0.05402281045913696,0.0,0.0,0.05098014968026298,-0.020533592136852668,-0.006065083046273868,0.72,-0.18,1.0
5.442577600479126,3,DF,0.05442577600479126,0.0,0.0,0.04020991509800902,-0.012767434965331148,-0.00803345074098629,0.72,-0.18,1.0
5.442577600479126,3,DF,0.05442577600479126,0.0,0.0,0.05257590520620609,-0.018458583968019287,-0.013931398230101786,0.72,-0.18,1.0
5.442577600479126,3,DF,0.05442577600479126,0.0,0.0,0.04638657870459853,-0.005642929665194384,-0.010981452270306998,0.72,-0.18,1.0
5.442577600479126,3,DF,0.05442577600479126,0.0,0.0,0.04874744346195103,-0.006113969727661814,-0.011415793135033683,0.72,-0.18,1.0
5.442577600479126,3,DF,0.05442577600479126,0.0,0.0,0.04753353564787848,-0.020519762787685712,-0.017481862537536842,0.72,-0.18,1.0
5.442577600479126,3,DF,0.05442577600479126,0.0,0.0,0.041440183782000865,-0.006748084421276714,-0.01217746209010391,0.72,-0.18,1.0
5.442577600479126,3,DF,0.05442577600479126,0.0,0.0,0.038247673310105916,-0.013490776903360044,-0.01854675818631708,0.72,-0.18,1.0
5.442577600479126,3,DF,0.05442577600479126,0.0,0.0,0.05229473411048329,-0.006402808629550794,-0.011531784523596282,0.72,-0.18,1.0
5.442577600479126,3,DF,0.05442577600479126,0.0,0.0,0.054402703192368666,-0.015836239626445318,-0.0074247700007654665,0.72,-0.18,1.0
5.442577600479126,3,DF,0.05442577600479126,0.0,0.0,0.05616542743212379,-0.012622076890934437,-0.006198933789341532,0.72,-0.18,1.0
5.492966890335083,3,DF,0.05492966890335083,0.0,0.0,0.05312557182697644,-0.01229487426635553,-0.0038914887260408015,0.72,-0.18,1.0
5.492966890335083,3,DF,0.05492966890335083,0.0,0.0,0.05239299426462544,-0.006013300051597914,-0.005510833091636108,0.72,-0.18,1.0
5.492966890335083,3,DF,0.05492966890335083,0.0,0.0,0.048231077809306896,-0.013706719486403505,-0.004219850071661757,0.72,-0.18,1.0
5.492966890335083,3,DF,0.05492966890335083,0.0,0.0,0.042760799925741874,-0.01915183968414596,-0.0060662693808184905,0.72,-0.18,1.0
5.492966890335083,3,DF,0.05492966890335083,0.0,0.0,0.03692006998988389,-0.0158205903782294,0.0015668329490488007,0.72,-0.18,1.0
5.492966890335083,3,DF,0.05492966890335083,0.0,0.0,0.036591769937707935,-0.008782186904948397,-0.005996110895231637,0.72,-0.18,1.0
5.492966890335083,3,DF,0.05492966890335083,0.0,0.0,0.04440113473960439,-0.014642271004550544,-0.004335048602509512,0.72,-0.18,1.0
5.492966890335083,3,DF,0.05492966890335083,0.0,0.0,0.0463566333322696,-0.01221181811570811,-0.005287615841916691,0.72,-0.18,1.0
5.492966890335083,3,DF,0.05492966890335083,0.0,0.0,0.05909094916590655,-0.00859677353593943,-0.01630199992228129,0.72,-0.18,1.0
5.492966890335083,3,DF,0.05492966890335083,0.0,0.0,0.049372317650641394,-0.019661143770025966,-0.013361856684974778,0.72,-0.18,1.0
5.533282995223999,3,DF,0.05533282995223999,0.0,0.0,0.04307398223108814,-0.014620716650909525,-0.009247253280481843,0.72,-0.18,1.0
5.533282995223999,3,DF,0.05533282995223999,0.0,0.0,0.04438072178777782,-0.009027566132464944,-0.004261512812319664,0.72,-0.18,1.0
5.533282995223999,3,DF,0.05533282995223999,0.0,0.0,0.06106146270599546,-0.014101402404400769,-0.013310278405814745,0.72,-0.18,1.0
5.533282995223999,3,DF,0.05533282995223999,0.0,0.0,0.049493123487122814,-0.019810787351940005,-0.004632515832531475,0.72,-0.18,1.0
5.533282995223999,3,DF,0.05533282995223999,0.0,0.0,0.04459087836628943,-0.010891617309382741,-0.0024302464774711833,0.72,-0.18,1.0
5.533282995223999,3,DF,0.05533282995223999,0.0,0.0,0.03863492215424194,-0.014564820799995446,0.000898867591804551,0.72,-0.18,1.0
5.533282995223999,3,DF,0.05533282995223999,0.0,0.0,0.046888959754113016,-0.0071026287574992705,0.0012423220262200217,0.72,-0.18,1.0
5.533282995223999,3,DF,0.05533282995223999,0.0,0.0,0.04626699524188873,-0.00968154493623664,-0.009116354975947389,0.72,-0.18,1.0
5.533282995223999,3,DF,0.05533282995223999,0.0,0.0,0.051256174231204696,-0.012084688731521841,-0.005731066902947024,0.72,-0.18,1.0
5.533282995223999,3,DF,0.05533282995223999,0.0,0.0,0.059054065643174475,-0.00640650363630122,0.0020472477685127615,0.72,-0.18,1.0
5.57358455657959,3,DF,0.0557358455657959,0.0,0.0,0.05470052322992359,-0.019852621132276784,-0.003038414100082157,0.72,-0.18,1.0
5.57358455657959,3,DF,0.0557358455657959,0.0,0.0,0.0566794938050846,-0.021316522260822333,-0.005632822775710036,0.72,-0.18,1.0
5.57358455657959,3,DF,0.0557358455657959,0.0,0.0,0.044841715180538415,-0.014903792198133833,-0.005234745744906032,0.72,-0.18,1.0
5.57358455657959,3,DF,0.0557358455657959,0.0,0.0,0.03529560479857971,-0.018684510942047695,-0.009498912620732481,0.72,-0.18,1.0
5.57358455657959,3,DF,0.0557358455657959,0.0,0.0,0.03555223145804147,-0.008660792910000355,-0.012673322876807403,0.72,-0.18,1.0
5.57358455657959,3,DF,0.0557358455657959,0.0,0.0,0.04309451698741425,-0.008214049618857662,-0.00480054943263414,0.72,-0.18,1.0
5.57358455657959,3,DF,0.0557358455657959,0.0,0.0,0.04669548992075496,-0.003485128683197927,-0.001003755614748953,0.72,-0.18,1.0
5.57358455657959,3,DF,0.0557358455657959,0.0,0.0,0.03759515932715596,-0.01115004014728399,-0.0019386041906767353,0.72,-0.18,1.0
5.57358455657959,3,DF,0.0557358455657959,0.0,0.0,0.026916502869777616,-0.015847078655283342,-0.00019488638183859608,0.72,-0.18,1.0
5.57358455657959,3,DF,0.0557358455657959,0.0,0.0,0.024204556193708895,-0.014822744394479224,-0.004662231085682446,0.72,-0.18,1.0
5.613884687423706,3,DF,0.056138846874237064,0.0,0.0,0.02628313091053787,-0.01253322057261992,0.004533319572177226,0.72,-0.18,1.0
5.613884687423706,3,DF,0.056138846874237064,0.0,0.0,0.03058863920691443,-0.01236552396807281,-0.006125593658352339,0.72,-0.18,1.0
5.613884687423706,3,DF,0.056138846874237064,0.0,0.0,0.03486739262123094,-0.020800581693952883,0.0003888755910135556,0.72,-0.18,1.0
5.613884687423706,3,DF,0.056138846874237064,0.0,0.0,0.046300235882753275,-0.01671612237761886,-0.006689568995485502,0.72,-0.18,1.0
5.613884687423706,3,DF,0.056138846874237064,0.0,0.0,0.04449205740283066,-0.011037062900958643,-0.0056714086453802095,0.72,-0.18,1.0
5.613884687423706,3,DF,0.056138846874237064,0.0,0.0,0.04091319769252792,-0.0050686463464362265,-0.0031892208438754773,0.72,-0.18,1.0
5.613884687423706,3,DF,0.056138846874237064,0.0,0.0,0.04391353765928576,-0.0084291972742203,0.00182068660784906,0.72,-0.18,1.0
5.613884687423706,3,DF,0.056138846874237064,0.0,0.0,0.0325013880835267,-0.0030372576555089265,-0.012434115841429203,0.72,-0.18,1.0
5.613884687423706,3,DF,0.056138846874237064,0.0,0.0,0.03396960964887625,-0.008853330855753844,-0.014881054959700471,0.72,-0.18,1.0
5.664270639419556,3,DF,0.05664270639419556,0.0,0.0,0.040283833289677995,-0.01625420924844929,-0.009212091025382615,0.72,-0.18,1.0
5.664270639419556,3,DF,0.05664270639419556,0.0,0.0,0.034151289055047565,-0.01142901563287455,-0.010803569181749557,0.72,-0.18,1.0
5.664270639419556,3,DF,0.05664270639419556,0.0,0.0,0.0429940253231309,-0.0014870815971720678,-0.01117617074371654,0.72,-0.18,1.0
5.664270639419556,3,DF,0.05664270639419556,0.0,0.0,0.04432307391385611,-0.009209570381416869,0.00024495117426637285,0.72,-0.18,1.0
5.664270639419556,3,DF,0.05664270639419556,0.0,0.0,0.05259862689204627,-0.0044708107389224315,-0.004170820755044628,0.72,-0.18,1.0
5.664270639419556,3,DF,0.05664270639419556,0.0,0.0,0.05396494964313361,-0.003597986721455034,-0.005301383026301029,0.72,-0.18,1.0
5.664270639419556,3,DF,0.05664270639419556,0.0,0.0,0.05288288666042046,-0.006773984069177792,-0.006624560686126988,0.72,-0.18,1.0
5.664270639419556,3,DF,0.05664270639419556,0.0,0.0,0.05193247454204624,-0.006734247521169303,-0.005883326840404184,0.72,-0.18,1.0
5.664270639419556,3,DF,0.05664270639419556,0.0,0.0,0.04253013355470327,-0.009699860005414854,-0.0011696038591800287,0.72,-0.18,1.0
5.664270639419556,3,DF,0.05664270639419556,0.0,0.0,0.04562545301148306,-0.011251848619842977,-0.0038883471228317156,0.72,-0.18,1.0
5.704570531845093,3,DF,0.05704570531845093,0.0,0.0,0.04483312398060761,-0.019205447257816977,-0.0037244843403743326,0.72,-0.18,1.0
5.704570531845093,3,DF,0.05704570531845093,0.0,0.0,0.04212768621769932,-0.01312664459742389,-0.0020766437585315665,0.72,-0.18,1.0
5.704570531845093,3,DF,0.05704570531845093,0.0,0.0,0.04899857275451467,-0.020227608812157228,-0.004090400487627484,0.72,-0.18,1.0
5.704570531845093,3,DF,0.05704570531845093,0.0,0.0,0.04450702681858867,-0.02121422866968756,-0.007306161938465678,0.72,-0.18,1.0
5.704570531845093,3,DF,0.05704570531845093,0.0,0.0,0.05794773148925498,-0.024326201894612716,-0.00989083762641557,0.72,-0.18,1.0
5.704570531845093,3,DF,0.05704570531845093,0.0,0.0,0.04543327051564925,-0.01658947578350899,-0.004470764928762629,0.72,-0.18,1.0
5.704570531845093,3,DF,0.05704570531845093,0.0,0.0,0.043564503976210776,-0.019742522577658756,-0.0035655231194635793,0.72,-0.18,1.0
5.704570531845093,3,DF,0.05704570531845093,0.0,0.0,0.03563753342031413,-0.014813067689868942,-0.00454872950108302,0.72,-0.18,1.0
5.704570531845093,3,DF,0.05704570531845093,0.0,0.0,0.045565787111438036,-0.01881308189821835,-0.0032138466095346005,0.72,-0.18,1.0
5.704570531845093,3,DF,0.05704570531845093,0.0,0.0,0.044592364280362215,-0.013379406867156246,-0.0060138852256176895,0.72,-0.18,1.0
5.744876861572266,3,DF,0.05744876861572266,0.0,0.0,0.04311060503375999,-0.015406028004506531,-0.0032076873671569475,0.72,-0.18,1.0
5.744876861572266,3,DF,0.05744876861572266,0.0,0.0,0.0477629686432127,-0.007959371306652632,-0.004484765561531848,0.72,-0.18,1.0
5.744876861572266,3,DF,0.05744876861572266,0.0,0.0,0.052493641645216194,-0.0045559220062748275,-0.0027902390787904576,0.72,-0.18,1.0
5.744876861572266,3,DF,0.05744876861572266,0.0,0.0,0.0534232455553768,-0.002494025678721289,-0.0040202743886022275,0.72,-0.18,1.0
5.744876861572266,3,DF,0.05744876861572266,0.0,0.0,0.0553309597901967,0.0014778325020000963,-0.0023220981953801264,0.72,-0.18,1.0
5.744876861572266,3,DF,0.05744876861572266,0.0,0.0,0.0610637033891449,-0.006958204850160403,-0.0002740115814013475,0.72,-0.18,1.0
5.744876861572266,3,DF,0.05744876861572266,0.0,0.0,0.05567059384348523,-0.0010212956892961794,-0.00039861425964324396,0.72,-0.18,1.0
5.744876861572266,3,DF,0.05744876861572266,0.0,0.0,0.05482848498278223,-0.00883121212066869,0.0017433193383665625,0.72,-0.18,1.0
5.744876861572266,3,DF,0.05744876861572266,0.0,0.0,0.048542838835760486,-0.009510399460151073,-0.00934983973213279,0.72,-0.18,1.0
5.744876861572266,3,DF,0.05744876861572266,0.0,0.0,0.04230804680108069,-0.010006610704644479,-0.012087667612186777,0.72,-0.18,1.0
5.785168409347534,3,DF,0.057851684093475346,0.0,0.0,0.046733144706237885,-0.007531959952466066,-0.01100074572923659,0.72,-0.18,1.0
5.785168409347534,3,DF,0.057851684093475346,0.0,0.0,0.036842146195679694,-0.018422952330373485,-0.008656203580029333,0.72,-0.18,1.0
5.785168409347534,3,DF,0.057851684093475346,0.0,0.0,0.04168749589961838,-0.015116271007966359,-0.005505351435222787,0.72,-0.18,1.0
5.785168409347534,3,DF,0.057851684093475346,0.0,0.0,0.04313519190891719,-0.01677443462857877,-0.004790230423858721,0.72,-0.18,1.0
5.785168409347534,3,DF,0.057851684093475346,0.0,0.0,0.040250954396639095,-0.004472642043681427,0.0009805825304758302,0.72,-0.18,1.0
5.785168409347534,3,DF,0.057851684093475346,0.0,0.0,0.049519808904775774,-0.002701405101749831,-0.008865007698162489,0.72,-0.18,1.0
5.785168409347534,3,DF,0.057851684093475346,0.0,0.0,0.04671483978939942,0.004026262368455889,-0.009824518717963424,0.72,-0.18,1.0
5.785168409347534,3,DF,0.057851684093475346,0.0,0.0,0.05478310731663954,-0.005264916243301471,-0.0078118164668706715,0.72,-0.18,1.0
5.785168409347534,3,DF,0.057851684093475346,0.0,0.0,0.05494074531117358,-0.0057136372407632086,-0.006210580899395871,0.72,-0.18,1.0
5.785168409347534,3,DF,0.057851684093475346,0.0,0.0,0.043676438819456286,0.0006364010181520431,-0.010349087669034187,0.72,-0.18,1.0
5.835574626922607,3,DF,0.05835574626922607,0.0,0.0,0.03972639645823523,-0.009763388707479668,-0.007246430967940362,0.72,-0.18,1.0
5.835574626922607,3,DF,0.05835574626922607,0.0,0.0,0.04090695751107223,-0.014822491866760334,-0.00910140398857805,0.72,-0.18,1.0
5.835574626922607,3,DF,0.05835574626922607,0.0,0.0,0.04080129350827707,-0.02380785880776018,-0.0034523898958812487,0.72,-0.18,1.0
5.835574626922607,3,DF,0.05835574626922607,0.0,0.0,0.032407652880029295,-0.019041276042068858,-0.0011108006445229327,0.72,-0.18,1.0
5.835574626922607,3,DF,0.05835574626922607,0.0,0.0,0.027588436224727873,-0.01046713432256342,-0.009161322167308245,0.72,-0.18,1.0
5.835574626922607,3,DF,0.05835574626922607,0.0,0.0,0.03627206591111873,-0.002944174454001217,1.3322984391397136e-05,0.72,-0.18,1.0
5.835574626922607,3,DF,0.05835574626922607,0.0,0.0,0.05669786211102288,0.002560748631864234,-0.011622933187963168,0.72,-0.18,1.0
5.835574626922607,3,DF,0.05835574626922607,0.0,0.0,0.057732898069284846,0.0081612139311123,-0.012631454677763915,0.72,-0.18,1.0
5.835574626922607,3,DF,0.05835574626922607,0.0,0.0,0.06034993340210842,0.0024422803675486077,-0.016362712569572647,0.72,-0.18,1.0
5.835574626922607,3,DF,0.05835574626922607,0.0,0.0,0.05689272485412078,0.01909553408451045,-0.009275107105183634,0.72,-0.18,1.0
5.8758909702301025,3,DF,0.05875890970230103,0.0,0.0,0.04954206876425295,0.011208209675388528,-0.0043782190486276054,0.72,-0.18,1.0
5.8758909702301025,3,DF,0.05875890970230103,0.0,0.0,0.045471833185179944,-0.0022981636536457575,-0.0009398985274788757,0.72,-0.18,1.0
5.8758909702301025,3,DF,0.05875890970230103,0.0,0.0,0.046007176079283583,-0.013053712041042378,-0.0007812636639984963,0.72,-0.18,1.0
5.8758909702301025,3,DF,0.05875890970230103,0.0,0.0,0.037568206415870366,-0.0005682660171721295,0.002243743211878684,0.72,-0.18,1.0
5.8758909702301025,3,DF,0.05875890970230103,0.0,0.0,0.044018092349573386,0.005052166769835299,4.2699315216032e-05,0.72,-0.18,1.0
5.8758909702301025,3,DF,0.05875890970230103,0.0,0.0,0.04858233803517524,-0.0001750949164209678,0.0011220672892037953,0.72,-0.18,1.0
5.8758909702301025,3,DF,0.05875890970230103,0.0,0.0,0.04365617405708522,-0.00037528887528332286,0.0011075123939802397,0.72,-0.18,1.0
5.8758909702301025,3,DF,0.05875890970230103,0.0,0.0,0.0458430963546535,-0.002617555818795265,-0.005894813192763548,0.72,-0.18,1.0
5.8758909702301025,3,DF,0.05875890970230103,0.0,0.0,0.0490989475193868,-0.010392839202204636,-0.004466782010084736,0.72,-0.18,1.0
5.8758909702301025,3,DF,0.05875890970230103,0.0,0.0,0.05806233855679734,-0.014024087880463916,-0.008852965470206291,0.72,-0.18,1.0
5.916200876235962,3,DF,0.05916200876235962,0.0,0.0,0.06204986491154861,-0.014864032732402156,-0.009895986960976303,0.72,-0.18,1.0
5.916200876235962,3,DF,0.05916200876235962,0.0,0.0,0.054464324523012766,-0.008697734699301568,-0.005660191506597399,0.72,-0.18,1.0
5.916200876235962,3,DF,0.05916200876235962,0.0,0.0,0.05030629360184492,-0.012170261369196144,-0.006589962417460503,0.72,-0.18,1.0
5.916200876235962,3,DF,0.05916200876235962,0.0,0.0,0.044833679957290214,-0.012810276232368798,-0.009138681056167906,0.72,-0.18,1.0
5.916200876235962,3,DF,0.05916200876235962,0.0,0.0,0.05520737688850189,-0.00684723989132962,-0.0034043353849737387,0.72,-0.18,1.0
5.916200876235962,3,DF,0.05916200876235962,0.0,0.0,0.05259319683680182,-0.015432179436492366,-0.006716931258422911,0.72,-0.18,1.0
5.916200876235962,3,DF,0.05916200876235962,0.0,0.0,0.05269866839506366,-0.019605630185889372,-0.0051106156420181095,0.72,-0.18,1.0
5.916200876235962,3,DF,0.05916200876235962,0.0,0.0,0.0511007641858034,-0.008650298094726738,-0.008112087801539089,0.72,-0.18,1.0
5.916200876235962,3,DF,0.05916200876235962,0.0,0.0,0.05862545580504795,-0.006317290012000755,-0.0034937350446951907,0.72,-0.18,1.0
5.916200876235962,3,DF,0.05916200876235962,0.0,0.0,0.05286733166386379,-0.00013858863796562378,0.000264705686969497,0.72,-0.18,1.0
5.966569423675537,3,DF,0.05966569423675537,0.0,0.0,0.058714567562939114,-0.007711051147554942,-0.0017892717875362867,0.72,-0.18,1.0
5.966569423675537,3,DF,0.05966569423675537,0.0,0.0,0.06470122361572848,-0.0013386451985591627,0.007373829718042332,0.72,-0.18,1.0
5.966569423675537,3,DF,0.05966569423675537,0.0,0.0,0.05998807695869303,-0.009922012798114629,-0.0036021858137982527,0.72,-0.18,1.0
5.966569423675537,3,DF,0.05966569423675537,0.0,0.0,0.05456393842422483,-0.0074631339366055425,-0.001124329657341022,0.72,-0.18,1.0
5.966569423675537,3,DF,0.05966569423675537,0.0,0.0,0.05002489134813641,-0.013850557811660055,-0.005226871424715108,0.72,-0.18,1.0
5.966569423675537,3,DF,0.05966569423675537,0.0,0.0,0.05347751812451073,-0.005549728358173846,-0.006906956324456766,0.72,-0.18,1.0
5.966569423675537,3,DF,0.05966569423675537,0.0,0.0,0.05337875867344439,-0.012645718692970652,-0.00730487328944814,0.72,-0.18,1.0
5.966569423675537,3,DF,0.05966569423675537,0.0,0.0,0.05538397205833768,-0.01148674448930591,-0.0011377414037212837,0.72,-0.18,1.0
5.966569423675537,3,DF,0.05966569423675537,0.0,0.0,0.0522967923361024,-0.00472591797108727,-0.011010455784852049,0.72,-0.18,1.0
5.966569423675537,3,DF,0.05966569423675537,0.0,0.0,0.06078267880112318,-0.0013719026930591664,-0.014789867050543025,0.72,-0.18,1.0
6.006866455078125,3,DF,0.060068664550781255,0.0,0.0,0.055092657559766035,-0.01619742788497767,-0.012472329006064622,0.72,-0.18,1.0
6.006866455078125,3,DF,0.060068664550781255,0.0,0.0,0.06166639440419163,-0.004264345942826152,-0.011178695054775277,0.72,-0.18,1.0
6.006866455078125,3,DF,0.060068664550781255,0.0,0.0,0.06591540294456595,-0.0042074285776538605,-0.014078461671624761,0.72,-0.18,1.0
6.006866455078125,3,DF,0.060068664550781255,0.0,0.0,0.06572417418242504,-0.0035271135070966153,-0.013602363031498357,0.72,-0.18,1.0
6.006866455078125,3,DF,0.060068664550781255,0.0,0.0,0.052546148488639366,-0.001634311143806979,-0.01407332855568661,0.72,-0.18,1.0
6.006866455078125,3,DF,0.060068664550781255,0.0,0.0,0.05560592591361818,-0.0010756472745441237,-0.014371365571341367,0.72,-0.18,1.0
6.006866455078125,3,DF,0.060068664550781255,0.0,0.0,0.045239340145616105,-0.007184928471881337,-0.017450326641350072,0.72,-0.18,1.0
6.006866455078125,3,DF,0.060068664550781255,0.0,0.0,0.040738293208275884,-0.011450727789157981,-0.02092807330823006,0.72,-0.18,1.0
6.006866455078125,3,DF,0.060068664550781255,0.0,0.0,0.045632044950645885,-0.011988974576199336,-0.013697935936929148,0.72,-0.18,1.0
6.006866455078125,3,DF,0.060068664550781255,0.0,0.0,0.05441006774519041,-0.00529241127086808,-0.011892763270279213,0.72,-0.18,1.0
6.047171592712402,3,DF,0.060471715927124026,0.0,0.0,0.05407243986273216,-0.014890029644393265,-0.016198341264445176,0.72,-0.18,1.0
6.047171592712402,3,DF,0.060471715927124026,0.0,0.0,0.05343274792387418,-0.018319230753068277,-0.00948966303777421,0.72,-0.18,1.0
6.047171592712402,3,DF,0.060471715927124026,0.0,0.0,0.055475947350622105,-0.013683048526423481,-0.0059038721055987165,0.72,-0.18,1.0
6.047171592712402,3,DF,0.060471715927124026,0.0,0.0,0.051607360261308736,-0.00950400915994612,-0.0011391964023600883,0.72,-0.18,1.0
6.047171592712402,3,DF,0.060471715927124026,0.0,0.0,0.04339604113812553,-0.00373277499585707,0.005806031750497967,0.72,-0.18,1.0
6.047171592712402,3,DF,0.060471715927124026,0.0,0.0,0.057290951911076936,-0.00946023047888352,-0.004607753696767504,0.72,-0.18,1.0
6.047171592712402,3,DF,0.060471715927124026,0.0,0.0,0.06735219604583494,-0.01447217776702967,-0.009753960093551584,0.72,-0.18,1.0
6.047171592712402,3,DF,0.060471715927124026,0.0,0.0,0.05893328072389307,-0.01394145502664917,-0.009491321775379641,0.72,-0.18,1.0
6.047171592712402,3,DF,0.060471715927124026,0.0,0.0,0.06296412117983642,-0.017013152008565683,-0.005654609193907159,0.72,-0.18,1.0
6.047171592712402,3,DF,0.060471715927124026,0.0,0.0,0.04937883539300897,-0.02504180858604432,-0.0029201742741501173,0.72,-0.18,1.0
6.087469100952148,3,DF,0.06087469100952148,0.0,0.0,0.04845706952072635,-0.021549336570516782,-0.006310769476131164,0.72,-0.18,1.0
6.087469100952148,3,DF,0.06087469100952148,0.0,0.0,0.055396184548548194,-0.015802429297572508,-0.0019101596919077423,0.72,-0.18,1.0
6.087469100952148,3,DF,0.06087469100952148,0.0,0.0,0.05485602431620245,-0.009221853527654448,-0.0013649329185488866,0.72,-0.18,1.0
6.087469100952148,3,DF,0.06087469100952148,0.0,0.0,0.050061906873602846,-0.014263586399307884,-0.005853274270751252,0.72,-0.18,1.0
6.087469100952148,3,DF,0.06087469100952148,0.0,0.0,0.05042258249178108,-0.016192877596722655,-0.004992287196609065,0.72,-0.18,1.0
6.087469100952148,3,DF,0.06087469100952148,0.0,0.0,0.04282224401286126,-0.017096392695729566,-0.010657823583062881,0.72,-0.18,1.0
6.087469100952148,3,DF,0.06087469100952148,0.0,0.0,0.0481684240728307,-0.008318053378735831,-0.018908386293285975,0.72,-0.18,1.0
6.087469100952148,3,DF,0.06087469100952148,0.0,0.0,0.0513798594781675,-0.021683260673407603,-0.012501187766907732,0.72,-0.18,1.0
6.087469100952148,3,DF,0.06087469100952148,0.0,0.0,0.04412223183713498,-0.0066615072655649915,-0.00876791341508763,0.72,-0.18,1.0
6.087469100952148,3,DF,0.06087469100952148,0.0,0.0,0.04544390942825153,-0.006137341349018266,-0.014160777196631785,0.72,-0.18,1.0
6.137871026992798,3,DF,0.06137871026992798,0.0,0.0,0.062048168025529454,-0.013459075301352938,-0.02119915719774085,0.72,-0.18,1.0
6.137871026992798,3,DF,0.06137871026992798,0.0,0.0,0.061402880554711055,-0.008345534109337492,-0.020142811519643245,0.72,-0.18,1.0
6.137871026992798,3,DF,0.06137871026992798,0.0,0.0,0.05857617800165024,-0.015367341990814258,-0.017015743652839373,0.72,-0.18,1.0
6.137871026992798,3,DF,0.06137871026992798,0.0,0.0,0.0573863579259098,-0.023691542649257852,-0.012966529405445721,0.72,-0.18,1.0
6.137871026992798,3,DF,0.06137871026992798,0.0,0.0,0.061036345995143064,-0.005380581543567605,-0.011407912927928327,0.72,-0.18,1.0
6.137871026992798,3,DF,0.06137871026992798,0.0,0.0,0.059410701543782245,-0.007076895159121142,-0.005689314789174285,0.72,-0.18,1.0
6.137871026992798,3,DF,0.06137871026992798,0.0,0.0,0.056527633458674356,-0.005261440806182073,-0.0116417748958473,0.72,-0.18,1.0
6.137871026992798,3,DF,0.06137871026992798,0.0,0.0,0.06012240127234855,-0.013713317820703,-0.003849770883505404,0.72,-0.18,1.0
6.137871026992798,3,DF,0.06137871026992798,0.0,0.0,0.06240501364257867,-0.010957895456063182,-0.0058072786599437315,0.72,-0.18,1.0
6.137871026992798,3,DF,0.06137871026992798,0.0,0.0,0.057752331959517296,-0.009752063330919165,-0.005184543632674052,0.72,-0.18,1.0
6.178170204162598,3,DF,0.06178170204162598,0.0,0.0,0.06161839269299094,-0.015379452320630427,-0.00806476438091849,0.72,-0.18,1.0
6.178170204162598,3,DF,0.06178170204162598,0.0,0.0,0.06160686962245149,-0.007723994694666048,-0.004567410413692872,0.72,-0.18,1.0
6.178170204162598,3,DF,0.06178170204162598,0.0,0.0,0.06081985134459881,-0.006963906498076022,-0.0002672955144630821,0.72,-0.18,1.0
6.178170204162598,3,DF,0.06178170204162598,0.0,0.0,0.05798379963611122,-0.015127952584074046,0.0002861641725054252,0.72,-0.18,1.0
6.178170204162598,3,DF,0.06178170204162598,0.0,0.0,0.05987141811066081,-0.002292116611398563,-0.003789658648667819,0.72,-0.18,1.0
6.178170204162598,3,DF,0.06178170204162598,0.0,0.0,0.043860891702625464,-0.01259379804505259,0.004405612925940006,0.72,-0.18,1.0
6.178170204162598,3,DF,0.06178170204162598,0.0,0.0,0.04114075167664369,-0.01514827493821178,-0.000759253598702745,0.72,-0.18,1.0
6.178170204162598,3,DF,0.06178170204162598,0.0,0.0,0.04200429158684826,-0.011254546199482076,-0.005171526258773657,0.72,-0.18,1.0
6.178170204162598,3,DF,0.06178170204162598,0.0,0.0,0.04050251603057553,-0.01707874184455159,6.295164206604199e-05,0.72,-0.18,1.0
6.2184813022613525,3,DF,0.06218481302261353,0.0,0.0,0.04921274080794501,-0.005869218690475151,-0.009363649818765704,0.72,-0.18,1.0
6.2184813022613525,3,DF,0.06218481302261353,0.0,0.0,0.055711921274183965,-0.009887197623886446,-0.003768466231284581,0.72,-0.18,1.0
6.2184813022613525,3,DF,0.06218481302261353,0.0,0.0,0.05523631009942166,0.004096633523241726,-0.010888834340143002,0.72,-0.18,1.0
6.2184813022613525,3,DF,0.06218481302261353,0.0,0.0,0.05260042266071064,0.0060175972383630675,-0.01428830541971117,0.72,-0.18,1.0
6.2184813022613525,3,DF,0.06218481302261353,0.0,0.0,0.05305521137611476,0.006079105812990689,-0.01062529954861549,0.72,-0.18,1.0
6.2184813022613525,3,DF,0.06218481302261353,0.0,0.0,0.054901139669165565,-0.008555792166133561,-0.012168865406837568,0.72,-0.18,1.0
6.2184813022613525,3,DF,0.06218481302261353,0.0,0.0,0.05732300521031214,-0.008028883109703098,-0.016181731934836654,0.72,-0.18,1.0
6.2184813022613525,3,DF,0.06218481302261353,0.0,0.0,0.04833237918775783,-0.019446575868011403,-0.006073649455831766,0.72,-0.18,1.0
6.2184813022613525,3,DF,0.06218481302261353,0.0,0.0,0.05745015206974623,-0.0024714773936455837,-0.004020584575182106,0.72,-0.18,1.0
6.2184813022613525,3,DF,0.06218481302261353,0.0,0.0,0.05464397635046224,-0.006127138753347913,-0.006937042628921582,0.72,-0.18,1.0
6.2588114738464355,3,DF,0.06258811473846436,0.0,0.0,0.0545090046221777,-0.008094895187959103,6.239230485758892e-05,0.72,-0.18,1.0
6.2588114738464355,3,DF,0.06258811473846436,0.0,0.0,0.05818798255494419,-0.01645492727537807,-0.004783402157127282,0.72,-0.18,1.0
6.2588114738464355,3,DF,0.06258811473846436,0.0,0.0,0.07638275373134533,-0.019212598000813454,1.971400412228221e-05,0.72,-0.18,1.0
6.2588114738464355,3,DF,0.06258811473846436,0.0,0.0,0.07241994567714426,-0.014863299760803573,-0.0008397016781513004,0.72,-0.18,1.0
6.2588114738464355,3,DF,0.06258811473846436,0.0,0.0,0.08126357199615344,-0.026106827453058333,0.0029155372277899724,0.72,-0.18,1.0
6.2588114738464355,3,DF,0.06258811473846436,0.0,0.0,0.06328830938037112,-0.017425545322512823,0.003822066231691594,0.72,-0.18,1.0
6.2588114738464355,3,DF,0.06258811473846436,0.0,0.0,0.06769173655682388,-0.02529718676334913,-0.009675150506036578,0.72,-0.18,1.0
6.2588114738464355,3,DF,0.06258811473846436,0.0,0.0,0.05107608712869844,-0.020578755789130706,-0.007990122938193771,0.72,-0.18,1.0
6.2588114738464355,3,DF,0.06258811473846436,0.0,0.0,0.03959780154332647,-0.02242781426925274,-0.007127873224948727,0.72,-0.18,1.0
6.2588114738464355,3,DF,0.06258811473846436,0.0,0.0,0.05029180331859362,-0.014474369239415695,-0.009815785985237508,0.72,-0.18,1.0
6.3091771602630615,3,DF,0.06309177160263062,0.0,0.0,0.06594186751424323,-0.012504212166846227,-0.009528048040348123,0.72,-0.18,1.0
6.3091771602630615,3,DF,0.06309177160263062,0.0,0.0,0.05403776549881911,-0.011562410007587386,-0.006432428554509084,0.72,-0.18,1.0
6.3091771602630615,3,DF,0.06309177160263062,0.0,0.0,0.042115115857884876,-0.004669048888621334,-0.0100837996607032,0.72,-0.18,1.0
6.3091771602630615,3,DF,0.06309177160263062,0.0,0.0,0.056194188984740046,-0.007730736400306381,-0.017086792291961743,0.72,-0.18,1.0
6.3091771602630615,3,DF,0.06309177160263062,0.0,0.0,0.05666678183058437,-0.010632954200887527,-0.011152287691898792,0.72,-0.18,1.0
6.3091771602630615,3,DF,0.06309177160263062,0.0,0.0,0.05860960551296347,0.004161271011745188,-0.00820116998157209,0.72,-0.18,1.0
6.3091771602630615,3,DF,0.06309177160263062,0.0,0.0,0.06362415230893932,-0.0037968626926671153,-0.008660111863014006,0.72,-0.18,1.0
6.3091771602630615,3,DF,0.06309177160263062,0.0,0.0,0.07207956868226176,0.006276904907925849,-0.008390655916654869,0.72,-0.18,1.0
6.3091771602630615,3,DF,0.06309177160263062,0.0,0.0,0.0687932872415039,0.00580304170719698,-0.009720999571838642,0.72,-0.18,1.0
6.3091771602630615,3,DF,0.06309177160263062,0.0,0.0,0.0652881712027372,-0.0066315667169621565,-0.0030868035275704742,0.72,-0.18,1.0
6.349500894546509,3,DF,0.06349500894546509,0.0,0.0,0.06592881614293158,-0.014301746856102346,-0.0033610034653273582,0.72,-0.18,1.0
6.349500894546509,3,DF,0.06349500894546509,0.0,0.0,0.05313900809119612,-0.00967847712855512,-0.0061103280239201505,0.72,-0.18,1.0
6.349500894546509,3,DF,0.06349500894546509,0.0,0.0,0.06175252087885073,-0.01068342770082165,-0.0046624966080465,0.72,-0.18,1.0
6.349500894546509,3,DF,0.06349500894546509,0.0,0.0,0.06068626269261698,-0.013103736512196814,-0.0011406555367468561,0.72,-0.18,1.0
6.349500894546509,3,DF,0.06349500894546509,0.0,0.0,0.061302445038199906,0.0030355900719916742,-0.0011112285753352782,0.72,-0.18,1.0
6.349500894546509,3,DF,0.06349500894546509,0.0,0.0,0.047048941581145885,-0.006924021371344952,0.00010123010052038984,0.72,-0.18,1.0
6.349500894546509,3,DF,0.06349500894546509,0.0,0.0,0.05541143501061222,0.003135810273472257,0.0006055166203293458,0.72,-0.18,1.0
6.349500894546509,3,DF,0.06349500894546509,0.0,0.0,0.05597179203895168,0.0020321258760634506,0.003866781545116009,0.72,-0.18,1.0
6.349500894546509,3,DF,0.06349500894546509,0.0,0.0,0.06568071168628703,0.003983973797734752,-0.0013926217807081049,0.72,-0.18,1.0
6.349500894546509,3,DF,0.06349500894546509,0.0,0.0,0.06451084237656476,-0.00593760180568043,-0.0016222420440875998,0.72,-0.18,1.0
6.389825344085693,3,DF,0.06389825344085694,0.0,0.0,0.06233816883414911,0.0011938805608822166,-0.0064488778932176635,0.72,-0.18,1.0
6.389825344085693,3,DF,0.06389825344085694,0.0,0.0,0.06429452964780158,-8.436899580547046e-05,-0.006150557468866371,0.72,-0.18,1.0
6.389825344085693,3,DF,0.06389825344085694,0.0,0.0,0.06236996937264013,-0.008452654373022067,-0.004034505637064004,0.72,-0.18,1.0
6.389825344085693,3,DF,0.06389825344085694,0.0,0.0,0.060620733149845854,-0.002362176919697885,-0.012647393600279264,0.72,-0.18,1.0
6.389825344085693,3,DF,0.06389825344085694,0.0,0.0,0.05501782843603891,-0.010220043552504379,-0.006537710640474846,0.72,-0.18,1.0
6.389825344085693,3,DF,0.06389825344085694,0.0,0.0,0.06597259550343379,-0.005448262050978423,-0.004376936584535629,0.72,-0.18,1.0
6.389825344085693,3,DF,0.06389825344085694,0.0,0.0,0.06512741677860381,-0.017518445333471914,-0.0036776050321073663,0.72,-0.18,1.0
6.389825344085693,3,DF,0.06389825344085694,0.0,0.0,0.0625268924171971,-0.020752541492311195,-0.018073128275438992,0.72,-0.18,1.0
6.389825344085693,3,DF,0.06389825344085694,0.0,0.0,0.06705125166978003,-0.003503299313829223,-0.013863008045151467,0.72,-0.18,1.0
6.389825344085693,3,DF,0.06389825344085694,0.0,0.0,0.0738958854417103,-0.007196562258159605,-0.011875780969457513,0.72,-0.18,1.0
6.440215587615967,3,DF,0.06440215587615968,0.0,0.0,0.0643395901178618,-0.0006387022184562669,-0.010016203968282048,0.72,-0.18,1.0
6.440215587615967,3,DF,0.06440215587615968,0.0,0.0,0.06332004808911634,-0.01623042753697364,-0.013258262027551166,0.72,-0.18,1.0
6.440215587615967,3,DF,0.06440215587615968,0.0,0.0,0.05861715946300977,-0.009562281080786886,-0.010532292424855023,0.72,-0.18,1.0
6.440215587615967,3,DF,0.06440215587615968,0.0,0.0,0.0556848230988751,-0.004115779861512834,-0.0060641707043356165,0.72,-0.18,1.0
6.440215587615967,3,DF,0.06440215587615968,0.0,0.0,0.053133174738515906,-0.014560768834738207,-0.0009488759990419609,0.72,-0.18,1.0
6.440215587615967,3,DF,0.06440215587615968,0.0,0.0,0.06322055555042042,-0.012633441438361825,-0.0006242459795081679,0.72,-0.18,1.0
6.440215587615967,3,DF,0.06440215587615968,0.0,0.0,0.06111128668706633,-0.010066857356433236,-0.005681917254607278,0.72,-0.18,1.0
6.440215587615967,3,DF,0.06440215587615968,0.0,0.0,0.06095569672558231,-0.00444518692923824,-0.008151466963026086,0.72,-0.18,1.0
6.440215587615967,3,DF,0.06440215587615968,0.0,0.0,0.05538686292374584,-0.012469029765641055,-0.0009199827776274706,0.72,-0.18,1.0
6.440215587615967,3,DF,0.06440215587615968,0.0,0.0,0.06227416908727751,-0.00572870181508262,-0.0020359129352718005,0.72,-0.18,1.0
6.480525970458984,3,DF,0.06480525970458985,0.0,0.0,0.05195969142657486,-0.0017112846008214,-0.0006149252015243357,0.72,-0.18,1.0
6.480525970458984,3,DF,0.06480525970458985,0.0,0.0,0.06302464542885827,-0.009592526916670724,-0.004509559939595423,0.72,-0.18,1.0
6.480525970458984,3,DF,0.06480525970458985,0.0,0.0,0.05359361617160834,-0.009901206426309303,-0.009923124723953028,0.72,-0.18,1.0
6.480525970458984,3,DF,0.06480525970458985,0.0,0.0,0.056530489209767165,-0.02320013381939127,-0.005914336006445494,0.72,-0.18,1.0
6.480525970458984,3,DF,0.06480525970458985,0.0,0.0,0.06415596840273134,-0.021045953176874334,-0.01253171654232642,0.72,-0.18,1.0
6.480525970458984,3,DF,0.06480525970458985,0.0,0.0,0.057929118850843,-0.011196630719826997,-0.007296282527354196,0.72,-0.18,1.0
6.480525970458984,3,DF,0.06480525970458985,0.0,0.0,0.06583438997371363,-0.02032818970947693,-0.003726880235889101,0.72,-0.18,1.0
6.480525970458984,3,DF,0.06480525970458985,0.0,0.0,0.06696449518899739,-0.029716230111675325,0.0017767908559007106,0.72,-0.18,1.0
6.480525970458984,3,DF,0.06480525970458985,0.0,0.0,0.054220226178906934,-0.02543601525082555,-0.00409122385053192,0.72,-0.18,1.0
6.480525970458984,3,DF,0.06480525970458985,0.0,0.0,0.05252453967726998,-0.0102058835194551,-0.00015989285703299903,0.72,-0.18,1.0
6.520833492279053,3,DF,0.06520833492279053,0.0,0.0,0.05642633583337229,-0.0063075742107458425,0.00033094973032127956,0.72,-0.18,1.0
6.520833492279053,3,DF,0.06520833492279053,0.0,0.0,0.0611673019414658,-0.0014409317129941293,-0.006545508463374807,0.72,-0.18,1.0
6.520833492279053,3,DF,0.06520833492279053,0.0,0.0,0.05134911052461239,-0.002010157862891741,-0.0075268325450944295,0.72,-0.18,1.0
6.520833492279053,3,DF,0.06520833492279053,0.0,0.0,0.06420592607744438,-0.006396958966094227,-0.014096112949821386,0.72,-0.18,1.0
6.520833492279053,3,DF,0.06520833492279053,0.0,0.0,0.0693069383493578,-0.011158700559385996,-0.013801793090575321,0.72,-0.18,1.0
6.520833492279053,3,DF,0.06520833492279053,0.0,0.0,0.05762345584786736,-0.010240452071430066,-0.005218191189944063,0.72,-0.18,1.0
6.520833492279053,3,DF,0.06520833492279053,0.0,0.0,0.0599428138673963,-0.011317505530363082,-0.0053635360649427755,0.72,-0.18,1.0
6.520833492279053,3,DF,0.06520833492279053,0.0,0.0,0.060260726798473815,-0.02256939636543982,-0.004224034018129513,0.72,-0.18,1.0
6.520833492279053,3,DF,0.06520833492279053,0.0,0.0,0.054831688196614006,-0.024421273543748314,2.5680494136873636e-05,0.72,-0.18,1.0
6.520833492279053,3,DF,0.06520833492279053,0.0,0.0,0.05266821998338386,-0.02447769350393593,0.003916753601861089,0.72,-0.18,1.0
6.561137437820435,3,DF,0.06561137437820434,0.0,0.0,0.05583118372352342,-0.01486478846201422,-0.0004011132222943659,0.72,-0.18,1.0
6.561137437820435,3,DF,0.06561137437820434,0.0,0.0,0.0556555726040458,-0.017824600051612797,-0.0024856907562523993,0.72,-0.18,1.0
6.561137437820435,3,DF,0.06561137437820434,0.0,0.0,0.047154090711766704,-0.00668985433013844,0.0014493485335926929,0.72,-0.18,1.0
6.561137437820435,3,DF,0.06561137437820434,0.0,0.0,0.0541366323459654,-0.01407324995665962,-0.00262244358315093,0.72,-0.18,1.0
6.561137437820435,3,DF,0.06561137437820434,0.0,0.0,0.05182719521310622,-0.0267417855089122,0.0007844022525058063,0.72,-0.18,1.0
6.561137437820435,3,DF,0.06561137437820434,0.0,0.0,0.07021532139072677,-0.027824020937957165,-0.005073607870796329,0.72,-0.18,1.0
6.561137437820435,3,DF,0.06561137437820434,0.0,0.0,0.06391749337950145,-0.01873768746855004,-0.008001393843259201,0.72,-0.18,1.0
6.561137437820435,3,DF,0.06561137437820434,0.0,0.0,0.06350789205914284,-0.022381539751747396,-0.0035457997387593316,0.72,-0.18,1.0
6.561137437820435,3,DF,0.06561137437820434,0.0,0.0,0.05904234639487222,-0.02200746212802994,-0.007362321783141506,0.72,-0.18,1.0
6.561137437820435,3,DF,0.06561137437820434,0.0,0.0,0.07126652792117671,-0.015180633980718271,-0.001739301940558309,0.72,-0.18,1.0
6.611518621444702,3,DF,0.06611518621444702,0.0,0.0,0.06466184100497382,-0.010344564722289704,-0.006103841784626748,0.72,-0.18,1.0
6.611518621444702,3,DF,0.06611518621444702,0.0,0.0,0.07040286426759136,-0.009959203226254446,-0.007707223194155095,0.72,-0.18,1.0
6.611518621444702,3,DF,0.06611518621444702,0.0,0.0,0.06277325915502155,-0.01373349087400252,-0.007380253404783145,0.72,-0.18,1.0
6.611518621444702,3,DF,0.06611518621444702,0.0,0.0,0.06745099829739833,-0.01553528090325157,-0.004020315457950438,0.72,-0.18,1.0
6.611518621444702,3,DF,0.06611518621444702,0.0,0.0,0.060905985820380114,-0.010812081772811804,-0.011224227460610681,0.72,-0.18,1.0
6.611518621444702,3,DF,0.06611518621444702,0.0,0.0,0.05524232210952035,-0.02074564635430051,-0.013131056513398246,0.72,-0.18,1.0
6.611518621444702,3,DF,0.06611518621444702,0.0,0.0,0.07013684631747061,-0.014691904555955983,-0.007471331415389451,0.72,-0.18,1.0
6.611518621444702,3,DF,0.06611518621444702,0.0,0.0,0.06992604342170479,-0.008086495180011116,-0.005238172879049641,0.72,-0.18,1.0
6.611518621444702,3,DF,0.06611518621444702,0.0,0.0,0.07245589573037386,-0.006717775156539391,-0.002194996644266153,0.72,-0.18,1.0
6.611518621444702,3,DF,0.06611518621444702,0.0,0.0,0.06351028727848378,-0.007253377948103051,-0.0006890943282416524,0.72,-0.18,1.0
6.651834487915039,3,DF,0.0665183448791504,0.0,0.0,0.06287426550410476,-0.011577854355035447,-0.010499786989449028,0.72,-0.18,1.0
6.651834487915039,3,DF,0.0665183448791504,0.0,0.0,0.06651658189656867,-0.0166670354732113,-0.008891514235598509,0.72,-0.18,1.0
6.651834487915039,3,DF,0.0665183448791504,0.0,0.0,0.06165133116461969,-0.017322371555565187,-0.017343040553881906,0.72,-0.18,1.0
6.651834487915039,3,DF,0.0665183448791504,0.0,0.0,0.06388541572512463,-0.01961584938474089,-0.014763512408488966,0.72,-0.18,1.0
6.651834487915039,3,DF,0.0665183448791504,0.0,0.0,0.057361285132494534,-0.020547929758225947,-0.013346099547577265,0.72,-0.18,1.0
6.651834487915039,3,DF,0.0665183448791504,0.0,0.0,0.06845612730983316,-0.01722408300545763,-0.008416913191524766,0.72,-0.18,1.0
6.651834487915039,3,DF,0.0665183448791504,0.0,0.0,0.06623554481791345,-0.012959503323945238,-0.0005445793976282393,0.72,-0.18,1.0
6.651834487915039,3,DF,0.0665183448791504,0.0,0.0,0.05285598506648663,-0.001165396075235772,-0.00030583136544081173,0.72,-0.18,1.0
6.651834487915039,3,DF,0.0665183448791504,0.0,0.0,0.061830867986697825,-0.003363887735548511,-0.005212926688563218,0.72,-0.18,1.0
6.651834487915039,3,DF,0.0665183448791504,0.0,0.0,0.055042651560534187,0.002249613541863953,-0.0047085017535679905,0.72,-0.18,1.0
6.692143678665161,3,DF,0.06692143678665162,0.0,0.0,0.07055834530258424,-0.0017237190405260327,-0.0013992032474628127,0.72,-0.18,1.0
6.692143678665161,3,DF,0.06692143678665162,0.0,0.0,0.06009623952994132,-0.003656867454804553,-0.0008472013383094938,0.72,-0.18,1.0
6.692143678665161,3,DF,0.06692143678665162,0.0,0.0,0.06304142569269588,-0.002638118510771997,-0.0022612635446085665,0.72,-0.18,1.0
6.692143678665161,3,DF,0.06692143678665162,0.0,0.0,0.07014113346967288,-0.011868792617755084,-0.005267431809005276,0.72,-0.18,1.0
6.692143678665161,3,DF,0.06692143678665162,0.0,0.0,0.057473715892558175,-0.014508243664757389,-0.009559323372912092,0.72,-0.18,1.0
6.692143678665161,3,DF,0.06692143678665162,0.0,0.0,0.05622008448256538,-0.012412107211188485,-0.0039231851238378315,0.72,-0.18,1.0
6.692143678665161,3,DF,0.06692143678665162,0.0,0.0,0.0576077197410934,-0.008306310522675024,-0.004892472324647604,0.72,-0.18,1.0
6.692143678665161,3,DF,0.06692143678665162,0.0,0.0,0.05582332989419285,-0.010092048299226327,-0.006159832281713562,0.72,-0.18,1.0
6.692143678665161,3,DF,0.06692143678665162,0.0,0.0,0.06531738647196515,-0.008909146574232363,-0.0029032041417394166,0.72,-0.18,1.0
6.7324559688568115,3,DF,0.06732455968856811,0.0,0.0,0.051779987516034055,0.003422140342296136,-0.001322425069207719,0.72,-0.18,1.0
6.7324559688568115,3,DF,0.06732455968856811,0.0,0.0,0.05458539215370187,-0.011895624709303642,0.0002439989604951968,0.72,-0.18,1.0
6.7324559688568115,3,DF,0.06732455968856811,0.0,0.0,0.052569630612442395,-0.011462128502912153,-0.000875171078979492,0.72,-0.18,1.0
6.7324559688568115,3,DF,0.06732455968856811,0.0,0.0,0.05054835293151435,0.002418780255437052,0.004494556168042826,0.72,-0.18,1.0
6.7324559688568115,3,DF,0.06732455968856811,0.0,0.0,0.05924266293528855,-0.009432435076068012,0.0022009817901185386,0.72,-0.18,1.0
6.7324559688568115,3,DF,0.06732455968856811,0.0,0.0,0.07517955818326581,-0.012054856179683332,0.0034082075203325517,0.72,-0.18,1.0
6.7324559688568115,3,DF,0.06732455968856811,0.0,0.0,0.06466004810633998,-0.009188079197597442,-0.003622225673065159,0.72,-0.18,1.0
6.7324559688568115,3,DF,0.06732455968856811,0.0,0.0,0.06164678972602678,-0.006664024491699062,-0.004489035778914774,0.72,-0.18,1.0
6.7324559688568115,3,DF,0.06732455968856811,0.0,0.0,0.06331920189547041,-0.013426614593641386,-0.008440154442724258,0.72,-0.18,1.0
6.7324559688568115,3,DF,0.06732455968856811,0.0,0.0,0.06761779449722814,-0.024023054949302017,-0.013715586825278325,0.72,-0.18,1.0
6.782825946807861,3,DF,0.06782825946807862,0.0,0.0,0.06800480004165534,-0.014669647300191515,-0.009809910165645794,0.72,-0.18,1.0
6.782825946807861,3,DF,0.06782825946807862,0.0,0.0,0.07189392589963332,-0.003614343441185202,-0.00873769277778072,0.72,-0.18,1.0
6.782825946807861,3,DF,0.06782825946807862,0.0,0.0,0.069082525968954,-0.009176455787556716,-0.0005252049674081194,0.72,-0.18,1.0
6.782825946807861,3,DF,0.06782825946807862,0.0,0.0,0.06600926035216699,-0.010006254935376779,0.0031017973404733512,0.72,-0.18,1.0
6.782825946807861,3,DF,0.06782825946807862,0.0,0.0,0.0620680731290872,-0.015288295641414262,-0.0010370969583417538,0.72,-0.18,1.0
6.782825946807861,3,DF,0.06782825946807862,0.0,0.0,0.06174522454728417,-0.013315810660491324,0.005824446790597051,0.72,-0.18,1.0
6.782825946807861,3,DF,0.06782825946807862,0.0,0.0,0.0649918815422614,-0.023905135687346195,-0.002521153018445512,0.72,-0.18,1.0
6.782825946807861,3,DF,0.06782825946807862,0.0,0.0,0.07014172052416005,-0.030021597343004847,0.004253092946902704,0.72,-0.18,1.0
6.782825946807861,3,DF,0.06782825946807862,0.0,0.0,0.06275051736759489,-0.021635975064506922,-0.0033119452353446107,0.72,-0.18,1.0
6.782825946807861,3,DF,0.06782825946807862,0.0,0.0,0.06464054317750888,-0.016681616237257495,-0.007488666470390622,0.72,-0.18,1.0
6.823132276535034,3,DF,0.06823132276535035,0.0,0.0,0.07306565396987658,-0.020034199416408046,-0.002560728390507917,0.72,-0.18,1.0
6.823132276535034,3,DF,0.06823132276535035,0.0,0.0,0.06249432896787209,-0.021046811814179816,-0.004016211790014343,0.72,-0.18,1.0
6.823132276535034,3,DF,0.06823132276535035,0.0,0.0,0.06441169623310472,-0.020516844940014725,0.0017271700853993036,0.72,-0.18,1.0
6.823132276535034,3,DF,0.06823132276535035,0.0,0.0,0.07214731082837797,-0.02303609586144174,-0.0010454766095849598,0.72,-0.18,1.0
6.823132276535034,3,DF,0.06823132276535035,0.0,0.0,0.07223705230080936,-0.028550079024737426,-0.00017943904991853582,0.72,-0.18,1.0
6.823132276535034,3,DF,0.06823132276535035,0.0,0.0,0.06824562191800052,-0.009996853947345894,-0.001153171868668725,0.72,-0.18,1.0
6.823132276535034,3,DF,0.06823132276535035,0.0,0.0,0.06368600093484132,-0.0014695797972709738,-0.005426483005460091,0.72,-0.18,1.0
6.823132276535034,3,DF,0.06823132276535035,0.0,0.0,0.0601949713213239,0.006908643406763192,-0.008303496901902699,0.72,-0.18,1.0
6.823132276535034,3,DF,0.06823132276535035,0.0,0.0,0.0717488623935675,-0.0006517409987480004,-0.007075455827699349,0.72,-0.18,1.0
6.823132276535034,3,DF,0.06823132276535035,0.0,0.0,0.07260580698490016,0.0006651514513855121,-0.004661488925803231,0.72,-0.18,1.0
6.863448143005371,3,DF,0.06863448143005371,0.0,0.0,0.07008077320791507,0.003500439388625203,-0.010666892333033176,0.72,-0.18,1.0
6.863448143005371,3,DF,0.06863448143005371,0.0,0.0,0.06202809018375906,-0.005336356040680231,-0.004635303789553197,0.72,-0.18,1.0
6.863448143005371,3,DF,0.06863448143005371,0.0,0.0,0.060515782623148724,-0.002176224398278132,-0.0037052468343928137,0.72,-0.18,1.0
6.863448143005371,3,DF,0.06863448143005371,0.0,0.0,0.07066066077619605,0.003184991544681407,-0.007609581404967969,0.72,-0.18,1.0
6.863448143005371,3,DF,0.06863448143005371,0.0,0.0,0.06361751465169033,0.0021959895209643005,-0.007750110424254605,0.72,-0.18,1.0
6.863448143005371,3,DF,0.06863448143005371,0.0,0.0,0.060687095249168786,-0.0026648182858315084,-0.005663335649759422,0.72,-0.18,1.0
6.863448143005371,3,DF,0.06863448143005371,0.0,0.0,0.06011259392756019,0.0007831284244390838,-0.0009292014121073136,0.72,-0.18,1.0
6.863448143005371,3,DF,0.06863448143005371,0.0,0.0,0.057297616184689024,-0.006421919748657342,-0.001038787356368604,0.72,-0.18,1.0
6.863448143005371,3,DF,0.06863448143005371,0.0,0.0,0.054064497550172536,-0.0035332654449181317,0.0029487252139240167,0.72,-0.18,1.0
6.863448143005371,3,DF,0.06863448143005371,0.0,0.0,0.05752564838965151,0.0009925846050677126,-0.0002958118299680085,0.72,-0.18,1.0
6.913829326629639,3,DF,0.06913829326629639,0.0,0.0,0.06100047181659037,0.016167056316788875,0.0007674961158025801,0.72,-0.18,1.0
6.913829326629639,3,DF,0.06913829326629639,0.0,0.0,0.05525469890485331,0.004817666631530747,0.0007969110850279216,0.72,-0.18,1.0
6.913829326629639,3,DF,0.06913829326629639,0.0,0.0,0.05870141086294003,-0.0038085669247006865,-0.0008167588994502812,0.72,-0.18,1.0
6.913829326629639,3,DF,0.06913829326629639,0.0,0.0,0.07395457384033702,-0.010574389766529019,-0.0038441147485250514,0.72,-0.18,1.0
6.913829326629639,3,DF,0.06913829326629639,0.0,0.0,0.06264572764505054,-0.008648345574563853,-0.004979308506600654,0.72,-0.18,1.0
6.913829326629639,3,DF,0.06913829326629639,0.0,0.0,0.06242349419039699,0.005167327930304259,-0.012012608230978015,0.72,-0.18,1.0
6.913829326629639,3,DF,0.06913829326629639,0.0,0.0,0.05764544488819247,-0.0009133176527833725,-0.006860196200422522,0.72,-0.18,1.0
6.913829326629639,3,DF,0.06913829326629639,0.0,0.0,0.0619609834781251,-0.010871592531966082,-0.009724047440855546,0.72,-0.18,1.0
6.913829326629639,3,DF,0.06913829326629639,0.0,0.0,0.05580585529607075,-0.00734474416040302,-0.005825130942187246,0.72,-0.18,1.0
6.913829326629639,3,DF,0.06913829326629639,0.0,0.0,0.05370641578799081,-0.019102756848419628,-0.012060594110805888,0.72,-0.18,1.0
6.95412540435791,3,DF,0.06954125404357911,0.0,0.0,0.056024668965593674,-0.018888928585810982,-0.010710587109400309,0.72,-0.18,1.0
6.95412540435791,3,DF,0.06954125404357911,0.0,0.0,0.05664782482979575,-0.01038470441057922,-0.0038655772059261666,0.72,-0.18,1.0
6.95412540435791,3,DF,0.06954125404357911,0.0,0.0,0.0548165730189964,-0.004368393577117599,-0.014643464795249715,0.72,-0.18,1.0
6.95412540435791,3,DF,0.06954125404357911,0.0,0.0,0.06600082740645281,-0.007307631850679058,-0.0067508105356498165,0.72,-0.18,1.0
6.95412540435791,3,DF,0.06954125404357911,0.0,0.0,0.05641121992499444,-0.0218261566093697,-0.007356047215612634,0.72,-0.18,1.0
6.95412540435791,3,DF,0.06954125404357911,0.0,0.0,0.06252125658246144,-0.010209811598912572,-0.007454215569892972,0.72,-0.18,1.0
6.95412540435791,3,DF,0.06954125404357911,0.0,0.0,0.06623160349963234,-0.02310913363138696,-0.0049360865182584285,0.72,-0.18,1.0
6.95412540435791,3,DF,0.06954125404357911,0.0,0.0,0.07405624807042198,-0.02311146539790478,-0.005927592671584473,0.72,-0.18,1.0
6.95412540435791,3,DF,0.06954125404357911,0.0,0.0,0.07282806311018644,-0.015030602923959208,-0.009041627351075778,0.72,-0.18,1.0
6.95412540435791,3,DF,0.06954125404357911,0.0,0.0,0.07142311920937054,-0.016684573512337077,-0.006902633928619422,0.72,-0.18,1.0
6.994420528411865,3,DF,0.06994420528411865,0.0,0.0,0.06924206551879189,-0.020480008516034064,-0.006893592893967229,0.72,-0.18,1.0
6.994420528411865,3,DF,0.06994420528411865,0.0,0.0,0.06904967306171284,-0.012732304622469423,0.005908925453736931,0.72,-0.18,1.0
6.994420528411865,3,DF,0.06994420528411865,0.0,0.0,0.07046485482575593,-0.022879798825429197,0.002185011980369879,0.72,-0.18,1.0
6.994420528411865,3,DF,0.06994420528411865,0.0,0.0,0.06691863253661809,-0.017175948323582692,0.0005423367799501817,0.72,-0.18,1.0
6.994420528411865,3,DF,0.06994420528411865,0.0,0.0,0.06643095569597414,-0.02054033708882186,-0.002986257100279306,0.72,-0.18,1.0
6.994420528411865,3,DF,0.06994420528411865,0.0,0.0,0.06865828698088806,-0.017456665162450067,-0.0040167519257247345,0.72,-0.18,1.0
6.994420528411865,3,DF,0.06994420528411865,0.0,0.0,0.06701296933165943,-0.015810993581995114,-0.010759775441532712,0.72,-0.18,1.0
6.994420528411865,3,DF,0.06994420528411865,0.0,0.0,0.06938791217236748,-0.02063569576704248,-0.012699227581341026,0.72,-0.18,1.0
6.994420528411865,3,DF,0.06994420528411865,0.0,0.0,0.0649724137617589,-0.007345982183611297,-0.012919552059458573,0.72,-0.18,1.0
6.994420528411865,3,DF,0.06994420528411865,0.0,0.0,0.06133445935618377,0.0023063326149528854,-0.01417570707682141,0.72,-0.18,1.0
7.0347795486450195,3,DF,0.07034779548645019,0.0,0.0,0.05755916551170279,-0.017697555397776735,-0.0071806391449668735,0.72,-0.18,1.0
7.0347795486450195,3,DF,0.07034779548645019,0.0,0.0,0.05779916109824993,-0.0017673455639840214,0.0007005697710913826,0.72,-0.18,1.0
7.0347795486450195,3,DF,0.07034779548645019,0.0,0.0,0.06658380592640585,-0.007344797436310078,0.004725953681239803,0.72,-0.18,1.0
7.0347795486450195,3,DF,0.07034779548645019,0.0,0.0,0.07361315894904859,0.01094886840417322,0.0028408460724398395,0.72,-0.18,1.0
7.0347795486450195,3,DF,0.07034779548645019,0.0,0.0,0.07756000470131197,-0.012331876835450315,0.0051338969614557976,0.72,-0.18,1.0
7.0347795486450195,3,DF,0.07034779548645019,0.0,0.0,0.08475633408290921,0.0063800789542487754,-0.00043535452891650504,0.72,-0.18,1.0
7.0347795486450195,3,DF,0.07034779548645019,0.0,0.0,0.0809423178855191,-0.019150369350313248,-0.0035555898708802807,0.72,-0.18,1.0
7.0347795486450195,3,DF,0.07034779548645019,0.0,0.0,0.0753515678845963,-0.004438075657105485,-0.004239293201256204,0.72,-0.18,1.0
7.0347795486450195,3,DF,0.07034779548645019,0.0,0.0,0.06420503050630828,-0.0033529916708727606,-0.004838334837659922,0.72,-0.18,1.0
7.0347795486450195,3,DF,0.07034779548645019,0.0,0.0,0.05758644201547877,-0.013047620391489975,-0.0064105097059284424,0.72,-0.18,1.0
7.085134267807007,3,DF,0.07085134267807007,0.0,0.0,0.061974965445614615,-0.027543280181008777,-0.004749525768106922,0.72,-0.18,1.0
7.085134267807007,3,DF,0.07085134267807007,0.0,0.0,0.06934446762705646,-0.0235171708768574,-0.005208460477798184,0.72,-0.18,1.0
7.085134267807007,3,DF,0.07085134267807007,0.0,0.0,0.08016865340793357,-0.016118373415010642,-0.000836152595502889,0.72,-0.18,1.0
7.085134267807007,3,DF,0.07085134267807007,0.0,0.0,0.06432791388486803,-0.006915899429993007,-0.008902281013114998,0.72,-0.18,1.0
7.085134267807007,3,DF,0.07085134267807007,0.0,0.0,0.06650681310689341,-0.012621686324414084,-0.016353255672713906,0.72,-0.18,1.0
7.085134267807007,3,DF,0.07085134267807007,0.0,0.0,0.05229482115063247,-0.006813226676814521,-0.013631256327790437,0.72,-0.18,1.0
7.085134267807007,3,DF,0.07085134267807007,0.0,0.0,0.06442471977897003,-0.014176456301632516,-0.01404503846946572,0.72,-0.18,1.0
7.085134267807007,3,DF,0.07085134267807007,0.0,0.0,0.0712148707445194,-0.00017972685992961824,-0.013074849181327706,0.72,-0.18,1.0
7.085134267807007,3,DF,0.07085134267807007,0.0,0.0,0.06378394409255557,-0.018840980867448086,-0.009017068632710543,0.72,-0.18,1.0
7.085134267807007,3,DF,0.07085134267807007,0.0,0.0,0.054337902443029044,-0.005655691028632672,-0.010360953669087807,0.72,-0.18,1.0
7.1254353523254395,3,DF,0.07125435352325439,0.0,0.0,0.06436649514386471,0.006645243832871784,-0.01270335394509378,0.72,-0.18,1.0
7.1254353523254395,3,DF,0.07125435352325439,0.0,0.0,0.07673636168606664,0.002920857971788585,-0.008814081290185655,0.72,-0.18,1.0
7.1254353523254395,3,DF,0.07125435352325439,0.0,0.0,0.07974981308649912,0.004782053036571014,-0.014398898989015137,0.72,-0.18,1.0
7.1254353523254395,3,DF,0.07125435352325439,0.0,0.0,0.07975910505931055,-0.002923786088249111,-0.013984321978632286,0.72,-0.18,1.0
7.1254353523254395,3,DF,0.07125435352325439,0.0,0.0,0.07254251558865311,-0.00582641473898359,-0.006054178715642795,0.72,-0.18,1.0
7.1254353523254395,3,DF,0.07125435352325439,0.0,0.0,0.08119771489917593,0.0022568029773044006,-0.001072608247789055,0.72,-0.18,1.0
7.1254353523254395,3,DF,0.07125435352325439,0.0,0.0,0.08628493421991391,-0.006353251953276301,-0.003012052162843112,0.72,-0.18,1.0
7.1254353523254395,3,DF,0.07125435352325439,0.0,0.0,0.08375531575093875,-0.004363429948748611,-0.0068300184229121794,0.72,-0.18,1.0
7.1254353523254395,3,DF,0.07125435352325439,0.0,0.0,0.08609982173886976,-0.01379611232766554,-0.00032144349756354406,0.72,-0.18,1.0
7.1254353523254395,3,DF,0.07125435352325439,0.0,0.0,0.08223127853437301,-0.027258943821940045,0.004487606277246992,0.72,-0.18,1.0
7.165729284286499,3,DF,0.071657292842865,0.0,0.0,0.08385495173439922,-0.024076152384816557,0.004256902022921411,0.72,-0.18,1.0
7.165729284286499,3,DF,0.071657292842865,0.0,0.0,0.07722352140885408,-0.03551662558108197,-0.0009848436041547054,0.72,-0.18,1.0
7.165729284286499,3,DF,0.071657292842865,0.0,0.0,0.0836341613383604,-0.022096516951430945,-0.00861588254964179,0.72,-0.18,1.0
7.165729284286499,3,DF,0.071657292842865,0.0,0.0,0.08545162073047073,-0.012002892308688973,-0.0064393814054671495,0.72,-0.18,1.0
7.165729284286499,3,DF,0.071657292842865,0.0,0.0,0.08646004365896996,-0.020132302300855436,0.0001537245699165992,0.72,-0.18,1.0
7.165729284286499,3,DF,0.071657292842865,0.0,0.0,0.08914953334150977,-0.015072769572490211,-0.0008549527968446914,0.72,-0.18,1.0
7.165729284286499,3,DF,0.071657292842865,0.0,0.0,0.09058031876774342,-0.01816881292975061,-0.0058301635813576514,0.72,-0.18,1.0
7.165729284286499,3,DF,0.071657292842865,0.0,0.0,0.09017780692927652,-0.0014657125868673285,-0.009361497270520741,0.72,-0.18,1.0
7.165729284286499,3,DF,0.071657292842865,0.0,0.0,0.0879143140229931,-0.007414741738439879,-0.005545695565524255,0.72,-0.18,1.0
7.165729284286499,3,DF,0.071657292842865,0.0,0.0,0.08941295470237519,-0.00388811522546349,-0.009052394656432624,0.72,-0.18,1.0
7.206018924713135,3,DF,0.07206018924713135,0.0,0.0,0.06692889591007804,-0.0010431696155012546,-0.007465132136885192,0.72,-0.18,1.0
7.206018924713135,3,DF,0.07206018924713135,0.0,0.0,0.06286858033059284,-0.005618811078245197,-0.016791884700488403,0.72,-0.18,1.0
7.206018924713135,3,DF,0.07206018924713135,0.0,0.0,0.057013988668705516,-0.008990842443446917,-0.0043123328645304475,0.72,-0.18,1.0
7.206018924713135,3,DF,0.07206018924713135,0.0,0.0,0.06133028947711948,0.0009013928579553634,-0.010811966479042125,0.72,-0.18,1.0
7.206018924713135,3,DF,0.07206018924713135,0.0,0.0,0.05394280924326954,-0.014448409830395166,-0.006336866831155645,0.72,-0.18,1.0
7.206018924713135,3,DF,0.07206018924713135,0.0,0.0,0.05387452508298384,0.001412497831137153,-0.0009892805185398401,0.72,-0.18,1.0
7.206018924713135,3,DF,0.07206018924713135,0.0,0.0,0.06322803617184639,-0.005962205605895938,-0.005078624887604257,0.72,-0.18,1.0
7.206018924713135,3,DF,0.07206018924713135,0.0,0.0,0.07156615063966741,0.0035159950419138774,-0.0023682586697764724,0.72,-0.18,1.0
7.206018924713135,3,DF,0.07206018924713135,0.0,0.0,0.07249982335460517,-0.007033981026089131,-0.0005715938338982931,0.72,-0.18,1.0
7.206018924713135,3,DF,0.07206018924713135,0.0,0.0,0.06494577496113689,0.002564825447354715,0.0001947479389806593,0.72,-0.18,1.0
7.256369113922119,3,DF,0.07256369113922119,0.0,0.0,0.07108501044856862,0.004042219062102121,-0.0022319727261987214,0.72,-0.18,1.0
7.256369113922119,3,DF,0.07256369113922119,0.0,0.0,0.07271480311799398,-0.0098546164343277,-8.664911388063754e-05,0.72,-0.18,1.0
7.256369113922119,3,DF,0.07256369113922119,0.0,0.0,0.07310365968016787,-0.012673774968758756,0.001610943012268041,0.72,-0.18,1.0
7.256369113922119,3,DF,0.07256369113922119,0.0,0.0,0.06464926573513453,-0.003664588534980452,-0.0009337849516584168,0.72,-0.18,1.0
7.256369113922119,3,DF,0.07256369113922119,0.0,0.0,0.06352677615963405,-0.002467557246641558,-0.001312058955165991,0.72,-0.18,1.0
7.256369113922119,3,DF,0.07256369113922119,0.0,0.0,0.07123259049680328,-0.004549727730036083,-0.0032690902706330456,0.72,-0.18,1.0
7.256369113922119,3,DF,0.07256369113922119,0.0,0.0,0.08520749377790587,-0.02475412579692176,-0.004985990972239196,0.72,-0.18,1.0
7.256369113922119,3,DF,0.07256369113922119,0.0,0.0,0.09106951825586733,-0.014588240714009593,0.00104178605256733,0.72,-0.18,1.0
7.256369113922119,3,DF,0.07256369113922119,0.0,0.0,0.0936286422305097,-0.027174476694496727,-0.00186200481668224,0.72,-0.18,1.0
7.296650648117065,3,DF,0.07296650648117066,0.0,0.0,0.09792635469437001,-0.02582346948687543,-0.0067754754109469765,0.72,-0.18,1.0
7.296650648117065,3,DF,0.07296650648117066,0.0,0.0,0.09565643572032297,-0.023264705116434813,-0.0028856822422207388,0.72,-0.18,1.0
7.296650648117065,3,DF,0.07296650648117066,0.0,0.0,0.08611770425439902,-0.014859925081010762,0.0029412617347470828,0.72,-0.18,1.0
7.296650648117065,3,DF,0.07296650648117066,0.0,0.0,0.08890042572468904,-0.00478787697504962,0.0014208710193945031,0.72,-0.18,1.0
7.296650648117065,3,DF,0.07296650648117066,0.0,0.0,0.07439889641535306,-0.012285764847940837,-0.0018021662250938524,0.72,-0.18,1.0
7.296650648117065,3,DF,0.07296650648117066,0.0,0.0,0.06686092089431905,-0.01732342645370104,0.00021676329551906755,0.72,-0.18,1.0
7.296650648117065,3,DF,0.07296650648117066,0.0,0.0,0.06523899550349004,-0.015623440457001977,-0.0050293436917175,0.72,-0.18,1.0
7.296650648117065,3,DF,0.07296650648117066,0.0,0.0,0.061029727112381374,-0.015324617624852828,-0.008434608348771105,0.72,-0.18,1.0
7.296650648117065,3,DF,0.07296650648117066,0.0,0.0,0.06939506426329509,-0.011553920008740358,0.0023089537925769167,0.72,-0.18,1.0
7.296650648117065,3,DF,0.07296650648117066,0.0,0.0,0.06610228094048069,-0.009011498015139265,0.00411221650237061,0.72,-0.18,1.0
7.336962699890137,3,DF,0.07336962699890137,0.0,0.0,0.07089112822981333,0.0036129452632629516,-0.0006238023537346001,0.72,-0.18,1.0
7.336962699890137,3,DF,0.07336962699890137,0.0,0.0,0.06570197273815721,-0.010432498515602273,6.0408477289470724e-05,0.72,-0.18,1.0
7.336962699890137,3,DF,0.07336962699890137,0.0,0.0,0.0629427961473622,-0.001970661046190741,-0.0036027447632714276,0.72,-0.18,1.0
7.336962699890137,3,DF,0.07336962699890137,0.0,0.0,0.0685092143356862,-0.005495527417647634,-0.00623952784129583,0.72,-0.18,1.0
7.336962699890137,3,DF,0.07336962699890137,0.0,0.0,0.062472186489113034,-0.007833873389605162,-0.005024860970420298,0.72,-0.18,1.0
7.336962699890137,3,DF,0.07336962699890137,0.0,0.0,0.06798744993344827,0.00848753949060778,-0.0051308233985410305,0.72,-0.18,1.0
7.336962699890137,3,DF,0.07336962699890137,0.0,0.0,0.07436073314310593,-0.01182582647726255,-0.006238068617976699,0.72,-0.18,1.0
7.336962699890137,3,DF,0.07336962699890137,0.0,0.0,0.08198120348389505,-0.016663396476332883,-0.011065462154279565,0.72,-0.18,1.0
7.336962699890137,3,DF,0.07336962699890137,0.0,0.0,0.07727584794320011,-0.016187460690378967,-0.004696734877794535,0.72,-0.18,1.0
7.336962699890137,3,DF,0.07336962699890137,0.0,0.0,0.06843239332984186,-0.011984742102913382,-0.006654896538989522,0.72,-0.18,1.0
7.387312650680542,3,DF,0.07387312650680543,0.0,0.0,0.0818749001669961,-0.014861535953470612,-0.0026577011551055184,0.72,-0.18,1.0
7.387312650680542,3,DF,0.07387312650680543,0.0,0.0,0.07348931481550895,-0.016069673637140264,-0.010653781969327123,0.72,-0.18,1.0
7.387312650680542,3,DF,0.07387312650680543,0.0,0.0,0.07628650684447989,-0.005476906885596095,-0.009371513933314762,0.72,-0.18,1.0
7.387312650680542,3,DF,0.07387312650680543,0.0,0.0,0.07076460721354329,-0.01618504046488803,0.0012839483847712216,0.72,-0.18,1.0
7.387312650680542,3,DF,0.07387312650680543,0.0,0.0,0.07058105068098593,-0.02871327901367265,-0.005697949223167043,0.72,-0.18,1.0
7.387312650680542,3,DF,0.07387312650680543,0.0,0.0,0.06705733239650452,-0.0271339596734107,-0.0067715240977347995,0.72,-0.18,1.0
7.387312650680542,3,DF,0.07387312650680543,0.0,0.0,0.0662869488918257,-0.02750609065179898,-0.009297080996291455,0.72,-0.18,1.0
7.387312650680542,3,DF,0.07387312650680543,0.0,0.0,0.07127479383194862,-0.014014452152880521,-0.012416896814383306,0.72,-0.18,1.0
7.387312650680542,3,DF,0.07387312650680543,0.0,0.0,0.06884045757844821,0.00024844896266258476,-0.013788540643188256,0.72,-0.18,1.0
7.387312650680542,3,DF,0.07387312650680543,0.0,0.0,0.07147887642828589,-0.007245172359099364,-0.017899328070761285,0.72,-0.18,1.0
7.427628517150879,3,DF,0.07427628517150879,0.0,0.0,0.06603457237783912,-0.0034485406580760385,-0.008959649280570478,0.72,-0.18,1.0
7.427628517150879,3,DF,0.07427628517150879,0.0,0.0,0.06695071935178577,0.0005153956585376389,-0.005554977759189116,0.72,-0.18,1.0
7.427628517150879,3,DF,0.07427628517150879,0.0,0.0,0.07596472644422976,0.00367981877551686,-0.002728076060854263,0.72,-0.18,1.0
7.427628517150879,3,DF,0.07427628517150879,0.0,0.0,0.06999386157288275,0.0018725523214494588,-0.004746692749235729,0.72,-0.18,1.0
7.427628517150879,3,DF,0.07427628517150879,0.0,0.0,0.07663438726347516,-0.005040548186599322,-0.004392170800813315,0.72,-0.18,1.0
7.427628517150879,3,DF,0.07427628517150879,0.0,0.0,0.06461728524283603,-0.0013872551896273752,0.0034793055269171417,0.72,-0.18,1.0
7.427628517150879,3,DF,0.07427628517150879,0.0,0.0,0.06378575318401657,0.008714144359175127,-0.002761535178809686,0.72,-0.18,1.0
7.427628517150879,3,DF,0.07427628517150879,0.0,0.0,0.06783813440171294,0.008861466561225016,-0.008007281293276386,0.72,-0.18,1.0
7.427628517150879,3,DF,0.07427628517150879,0.0,0.0,0.0790871599650942,-0.0059316070423312516,-0.00118540882486486,0.72,-0.18,1.0
7.427628517150879,3,DF,0.07427628517150879,0.0,0.0,0.08060534515198443,0.012323784414930337,0.00032270265505824133,0.72,-0.18,1.0
7.467919588088989,3,DF,0.07467919588088989,0.0,0.0,0.08140072910516151,-0.00639757452441326,-0.0019024315615994382,0.72,-0.18,1.0
7.467919588088989,3,DF,0.07467919588088989,0.0,0.0,0.06907709573031796,-0.008683702345836817,-0.012052403768537653,0.72,-0.18,1.0
7.467919588088989,3,DF,0.07467919588088989,0.0,0.0,0.06818811433336332,0.008504302171880437,-0.010648306774545072,0.72,-0.18,1.0
7.467919588088989,3,DF,0.07467919588088989,0.0,0.0,0.06345552657195533,0.003286036527159248,-0.011652003203475566,0.72,-0.18,1.0
7.467919588088989,3,DF,0.07467919588088989,0.0,0.0,0.06601876960932622,-0.005514234426171795,-0.006703956920575372,0.72,-0.18,1.0
7.467919588088989,3,DF,0.07467919588088989,0.0,0.0,0.07166228938590126,-0.010692295622001987,-0.006058431191896118,0.72,-0.18,1.0
7.467919588088989,3,DF,0.07467919588088989,0.0,0.0,0.06577700258923808,-0.0033351200924384727,-0.00039431672148301707,0.72,-0.18,1.0
7.467919588088989,3,DF,0.07467919588088989,0.0,0.0,0.05619951094895626,-0.0050130212260269865,0.001017471391277215,0.72,-0.18,1.0
7.467919588088989,3,DF,0.07467919588088989,0.0,0.0,0.060692941639451464,-0.0005047697060882954,0.0012439425349802205,0.72,-0.18,1.0
7.467919588088989,3,DF,0.07467919588088989,0.0,0.0,0.05745324727405649,0.0005453938249989432,0.0031383170535956547,0.72,-0.18,1.0
7.508202791213989,3,DF,0.0750820279121399,0.0,0.0,0.05260986556916324,-0.020468610636916438,-0.006605790569331318,0.72,-0.18,1.0
7.508202791213989,3,DF,0.0750820279121399,0.0,0.0,0.04994312439252041,-0.013308056496756817,-0.008585544093316758,0.72,-0.18,1.0
7.508202791213989,3,DF,0.0750820279121399,0.0,0.0,0.051769909476236164,-0.013541203916473812,-0.010519761727984725,0.72,-0.18,1.0
7.508202791213989,3,DF,0.0750820279121399,0.0,0.0,0.060099230763032516,-0.005685818467342938,-0.0077108372815656405,0.72,-0.18,1.0
7.508202791213989,3,DF,0.0750820279121399,0.0,0.0,0.06304701231372727,-0.013557275244035607,-0.003899844676504998,0.72,-0.18,1.0
7.508202791213989,3,DF,0.0750820279121399,0.0,0.0,0.06979691073258729,0.005906569408240827,-0.005839506446086553,0.72,-0.18,1.0
7.508202791213989,3,DF,0.0750820279121399,0.0,0.0,0.06716312399257765,-0.006699548744631311,0.0003077780091438663,0.72,-0.18,1.0
7.508202791213989,3,DF,0.0750820279121399,0.0,0.0,0.0729695900577926,-0.007649017182184147,-0.0014397818358406567,0.72,-0.18,1.0
7.508202791213989,3,DF,0.0750820279121399,0.0,0.0,0.07349987442676485,-0.006269577308516825,3.796070941761855e-05,0.72,-0.18,1.0
7.508202791213989,3,DF,0.0750820279121399,0.0,0.0,0.07740176045480988,0.003474627346223742,0.0014533912352310524,0.72,-0.18,1.0
7.558568000793457,3,DF,0.07558568000793457,0.0,0.0,0.07200071423664688,0.0013579730601477298,0.0017082675510061932,0.72,-0.18,1.0
7.558568000793457,3,DF,0.07558568000793457,0.0,0.0,0.08855007008165618,-0.0029362785116090265,-0.0007668082782729194,0.72,-0.18,1.0
7.558568000793457,3,DF,0.07558568000793457,0.0,0.0,0.08099325672263216,-0.0015897762756788088,-0.004648915008912049,0.72,-0.18,1.0
7.558568000793457,3,DF,0.07558568000793457,0.0,0.0,0.07836072664059279,0.007726484972330944,-0.004029746173023287,0.72,-0.18,1.0
7.558568000793457,3,DF,0.07558568000793457,0.0,0.0,0.06893952078636059,0.0017782468688421404,-0.0017566318918989792,0.72,-0.18,1.0
7.558568000793457,3,DF,0.07558568000793457,0.0,0.0,0.06539926580138447,-0.004175237444113907,-0.001917229542897516,0.72,-0.18,1.0
7.558568000793457,3,DF,0.07558568000793457,0.0,0.0,0.07362138364401413,0.009694734962070014,-0.002218123344508647,0.72,-0.18,1.0
7.558568000793457,3,DF,0.07558568000793457,0.0,0.0,0.05769434162621488,0.00517176559793264,-0.004303162986227729,0.72,-0.18,1.0
7.558568000793457,3,DF,0.07558568000793457,0.0,0.0,0.052469965661935,-0.007516502610545148,-0.006831066855186475,0.72,-0.18,1.0
7.558568000793457,3,DF,0.07558568000793457,0.0,0.0,0.05724627343385428,-0.014664759160177968,-0.005323857108006327,0.72,-0.18,1.0
7.5988452434539795,3,DF,0.07598845243453979,0.0,0.0,0.06649922491404216,-0.005302624720229458,-0.007536916331841842,0.72,-0.18,1.0
7.5988452434539795,3,DF,0.07598845243453979,0.0,0.0,0.07579874631244235,-0.022518484282073745,-0.004964779606859528,0.72,-0.18,1.0
7.5988452434539795,3,DF,0.07598845243453979,0.0,0.0,0.07647510805686876,-0.01973436709353587,-0.003974133233598405,0.72,-0.18,1.0
7.5988452434539795,3,DF,0.07598845243453979,0.0,0.0,0.080046886589721,-0.024637461741996762,-0.005557510451576782,0.72,-0.18,1.0
7.5988452434539795,3,DF,0.07598845243453979,0.0,0.0,0.0733921692253213,-0.019488716989937902,-0.0061977848809084985,0.72,-0.18,1.0
7.5988452434539795,3,DF,0.07598845243453979,0.0,0.0,0.07710576165742682,-0.021263042624062554,-0.0019043995898357488,0.72,-0.18,1.0
7.5988452434539795,3,DF,0.07598845243453979,0.0,0.0,0.07411874429613284,-0.004130629316033535,0.0006129742180122452,0.72,-0.18,1.0
7.5988452434539795,3,DF,0.07598845243453979,0.0,0.0,0.08114549591308158,-0.02118520507940545,-0.0012552138578180493,0.72,-0.18,1.0
7.5988452434539795,3,DF,0.07598845243453979,0.0,0.0,0.08446430351309323,-0.01535196068893939,-0.007249205011919099,0.72,-0.18,1.0
7.5988452434539795,3,DF,0.07598845243453979,0.0,0.0,0.07695149892375955,-0.0075600956570285585,-0.0035852996791023214,0.72,-0.18,1.0
7.639156818389893,3,DF,0.07639156818389893,0.0,0.0,0.07848534311870392,0.007826891309921322,-0.002989986404593457,0.72,-0.18,1.0
7.639156818389893,3,DF,0.07639156818389893,0.0,0.0,0.07152205658230822,-0.012878817414807762,-0.004202103779202269,0.72,-0.18,1.0
7.639156818389893,3,DF,0.07639156818389893,0.0,0.0,0.07284872002051206,-0.0005046895636635068,-0.007019446500661624,0.72,-0.18,1.0
7.639156818389893,3,DF,0.07639156818389893,0.0,0.0,0.06921018671978638,-0.008526088979767891,-0.006107833952084018,0.72,-0.18,1.0
7.639156818389893,3,DF,0.07639156818389893,0.0,0.0,0.07851616323002147,-0.012259172549188414,-0.0037738003771259276,0.72,-0.18,1.0
7.639156818389893,3,DF,0.07639156818389893,0.0,0.0,0.07367995428321725,-0.004994606523933309,0.004690363678833134,0.72,-0.18,1.0
7.639156818389893,3,DF,0.07639156818389893,0.0,0.0,0.07283692669146716,-0.002923251762913948,-0.003675979286665958,0.72,-0.18,1.0
7.639156818389893,3,DF,0.07639156818389893,0.0,0.0,0.08128797723940652,-0.003344138755368424,-0.004064328549976053,0.72,-0.18,1.0
7.639156818389893,3,DF,0.07639156818389893,0.0,0.0,0.07482943076414086,-0.00013711366909372293,-0.007044129842372898,0.72,-0.18,1.0
7.639156818389893,3,DF,0.07639156818389893,0.0,0.0,0.07672448259682062,-0.0038825250433340668,0.002616796064552292,0.72,-0.18,1.0
7.689509868621826,3,DF,0.07689509868621826,0.0,0.0,0.075096049185221,-0.01585203902768282,-0.0017275863333164909,0.72,-0.18,1.0
7.689509868621826,3,DF,0.07689509868621826,0.0,0.0,0.0668603620734326,-0.016076647413136858,-0.0014281050022858198,0.72,-0.18,1.0
7.689509868621826,3,DF,0.07689509868621826,0.0,0.0,0.06999999700588623,-0.006168568472742795,-0.011483980485480967,0.72,-0.18,1.0
7.689509868621826,3,DF,0.07689509868621826,0.0,0.0,0.06838060981784473,-0.014247760693343535,-0.009079910188117197,0.72,-0.18,1.0
7.689509868621826,3,DF,0.07689509868621826,0.0,0.0,0.06460919033269615,-0.012820544828654107,-0.010841887471591517,0.72,-0.18,1.0
7.689509868621826,3,DF,0.07689509868621826,0.0,0.0,0.06393272947575906,-0.019699580184147965,-0.005600462959118392,0.72,-0.18,1.0
7.689509868621826,3,DF,0.07689509868621826,0.0,0.0,0.06428130134681218,-0.016952905209779365,-0.006182583959886432,0.72,-0.18,1.0
7.689509868621826,3,DF,0.07689509868621826,0.0,0.0,0.06832929162717535,-0.016310141267442815,-0.0064402421779040635,0.72,-0.18,1.0
7.689509868621826,3,DF,0.07689509868621826,0.0,0.0,0.07083446239107447,-0.019778908173621237,0.0005200228195317022,0.72,-0.18,1.0
7.689509868621826,3,DF,0.07689509868621826,0.0,0.0,0.06109215164023596,-0.01114365657280189,-0.0021062848702271546,0.72,-0.18,1.0
7.729803085327148,3,DF,0.07729803085327148,0.0,0.0,0.06030420612355357,-0.009446424395242183,-0.0027048639208355854,0.72,-0.18,1.0
7.729803085327148,3,DF,0.07729803085327148,0.0,0.0,0.06795416427067846,-0.016567250780695646,-0.002603599632108159,0.72,-0.18,1.0
7.729803085327148,3,DF,0.07729803085327148,0.0,0.0,0.06429276193857446,0.0018274121932492086,-0.003976382520652529,0.72,-0.18,1.0
7.729803085327148,3,DF,0.07729803085327148,0.0,0.0,0.06343334859653048,-0.0006093351316239241,-0.003779657921206522,0.72,-0.18,1.0
7.729803085327148,3,DF,0.07729803085327148,0.0,0.0,0.07013261581177037,-0.001715545841653492,0.006097485177266676,0.72,-0.18,1.0
7.729803085327148,3,DF,0.07729803085327148,0.0,0.0,0.07383905196001578,0.006529065371917791,0.0009036080609385929,0.72,-0.18,1.0
7.729803085327148,3,DF,0.07729803085327148,0.0,0.0,0.08357075010950026,0.0007450734390030432,0.0007997475652588,0.72,-0.18,1.0
7.729803085327148,3,DF,0.07729803085327148,0.0,0.0,0.08012549024540384,-0.012883664208374203,-0.003598648276963266,0.72,-0.18,1.0
7.729803085327148,3,DF,0.07729803085327148,0.0,0.0,0.07053094009501515,-0.010661591277153108,-0.00511776660660638,0.72,-0.18,1.0
7.729803085327148,3,DF,0.07729803085327148,0.0,0.0,0.06433946670732715,-0.018273797766361816,-0.006719382730974143,0.72,-0.18,1.0
7.770080327987671,3,DF,0.0777008032798767,0.0,0.0,0.06836333392142993,-0.017571612090162343,-0.003929891218294627,0.72,-0.18,1.0
7.770080327987671,3,DF,0.0777008032798767,0.0,0.0,0.0756812398145742,-0.019528248685092117,-0.004570591178785403,0.72,-0.18,1.0
7.770080327987671,3,DF,0.0777008032798767,0.0,0.0,0.07949853245891367,-0.018711370799655812,0.001485157213844257,0.72,-0.18,1.0
7.770080327987671,3,DF,0.0777008032798767,0.0,0.0,0.08328262296891967,-0.021321555101646864,-0.002430304224673547,0.72,-0.18,1.0
7.770080327987671,3,DF,0.0777008032798767,0.0,0.0,0.08049705717781619,-0.014042767594590864,-0.0022263665622637664,0.72,-0.18,1.0
7.770080327987671,3,DF,0.0777008032798767,0.0,0.0,0.07400198124018385,-0.020553087340402895,-0.008796341068724352,0.72,-0.18,1.0
7.770080327987671,3,DF,0.0777008032798767,0.0,0.0,0.08588013069096442,-0.02356671064645906,-0.007383406667893032,0.72,-0.18,1.0
7.770080327987671,3,DF,0.0777008032798767,0.0,0.0,0.07874343215449627,-0.012728784250203934,-0.009958219147703593,0.72,-0.18,1.0
7.770080327987671,3,DF,0.0777008032798767,0.0,0.0,0.08360840134179892,-0.01805518313060986,-0.009110198960108633,0.72,-0.18,1.0
7.810363292694092,3,DF,0.07810363292694092,0.0,0.0,0.08230642658673816,-0.02221999701525498,-0.007469391088189625,0.72,-0.18,1.0
7.810363292694092,3,DF,0.07810363292694092,0.0,0.0,0.06611985127335725,-0.022720897912289914,-0.008960154944537946,0.72,-0.18,1.0
7.810363292694092,3,DF,0.07810363292694092,0.0,0.0,0.0657291901891961,-0.012683022122580974,-0.0049967564773855,0.72,-0.18,1.0
7.810363292694092,3,DF,0.07810363292694092,0.0,0.0,0.06093987041203562,-0.008670251222352647,-0.0027728808819951194,0.72,-0.18,1.0
7.810363292694092,3,DF,0.07810363292694092,0.0,0.0,0.06073994061221318,-0.003897926350133864,-0.0016930114729808573,0.72,-0.18,1.0
7.810363292694092,3,DF,0.07810363292694092,0.0,0.0,0.0712947679599753,-3.62958172730045e-05,-0.010905169691950578,0.72,-0.18,1.0
7.810363292694092,3,DF,0.07810363292694092,0.0,0.0,0.06766073826320915,-0.007788228340701087,-0.0025501140807458835,0.72,-0.18,1.0
7.810363292694092,3,DF,0.07810363292694092,0.0,0.0,0.07831104410965192,0.0013182394884523178,-0.0061918552428290585,0.72,-0.18,1.0
7.810363292694092,3,DF,0.07810363292694092,0.0,0.0,0.07848459038709396,-0.01197940755479549,-0.0029774692055629342,0.72,-0.18,1.0
7.810363292694092,3,DF,0.07810363292694092,0.0,0.0,0.068514678085982,-0.0022378469646247724,-0.006514630646138285,0.72,-0.18,1.0
7.860736608505249,3,DF,0.07860736608505249,0.0,0.0,0.07715886705328336,-0.009129093856944374,-0.00884403202773635,0.72,-0.18,1.0
7.860736608505249,3,DF,0.07860736608505249,0.0,0.0,0.08442735303560872,-0.0023741110989449177,-0.005797024963188743,0.72,-0.18,1.0
7.860736608505249,3,DF,0.07860736608505249,0.0,0.0,0.08531232198754117,-0.002246032080646576,-0.0008033464413352869,0.72,-0.18,1.0
7.860736608505249,3,DF,0.07860736608505249,0.0,0.0,0.08364684885648964,-0.006120898634104203,-0.004810045508909709,0.72,-0.18,1.0
7.860736608505249,3,DF,0.07860736608505249,0.0,0.0,0.07162271465562663,-0.009700202272567413,-0.004505394006685023,0.72,-0.18,1.0
7.860736608505249,3,DF,0.07860736608505249,0.0,0.0,0.07197553176441032,-0.004356835594725446,-0.0009942538779297847,0.72,-0.18,1.0
7.860736608505249,3,DF,0.07860736608505249,0.0,0.0,0.08332978691528754,-0.005757805031176832,-0.007620600805522046,0.72,-0.18,1.0
7.860736608505249,3,DF,0.07860736608505249,0.0,0.0,0.08213287476987524,-0.007918960720580407,-0.002718543597786721,0.72,-0.18,1.0
7.860736608505249,3,DF,0.07860736608505249,0.0,0.0,0.08693326142662408,-0.024998963512970332,-0.004498054161347076,0.72,-0.18,1.0
7.860736608505249,3,DF,0.07860736608505249,0.0,0.0,0.08661585428750689,-0.016457404085131164,-0.004659311858774274,0.72,-0.18,1.0
7.901265382766724,3,DF,0.07901265382766724,0.0,0.0,0.08884992348062246,-0.00226809452532369,-0.0035546497630824297,0.72,-0.18,1.0
7.901265382766724,3,DF,0.07901265382766724,0.0,0.0,0.08877853337057884,-0.017952215310946307,-0.0065355216692583795,0.72,-0.18,1.0
7.901265382766724,3,DF,0.07901265382766724,0.0,0.0,0.08067582155088841,-0.01318092122774217,-0.003820353453897395,0.72,-0.18,1.0
7.901265382766724,3,DF,0.07901265382766724,0.0,0.0,0.07362922193618973,-0.002499334030989628,-0.00916776953043216,0.72,-0.18,1.0
7.901265382766724,3,DF,0.07901265382766724,0.0,0.0,0.07465887182322613,-0.02241366556177599,-0.009949452637959749,0.72,-0.18,1.0
7.901265382766724,3,DF,0.07901265382766724,0.0,0.0,0.08390413701938125,-0.010957431744910677,-0.0037035866310984713,0.72,-0.18,1.0
7.901265382766724,3,DF,0.07901265382766724,0.0,0.0,0.08295530195353797,-0.013483670341891891,-0.014399704163049662,0.72,-0.18,1.0
7.901265382766724,3,DF,0.07901265382766724,0.0,0.0,0.08364871118305327,0.003468022691748748,-0.00950256624806715,0.72,-0.18,1.0
7.901265382766724,3,DF,0.07901265382766724,0.0,0.0,0.0779341266583991,-0.014610829078995864,-0.006871793815457559,0.72,-0.18,1.0
7.901265382766724,3,DF,0.07901265382766724,0.0,0.0,0.07503787927678339,-0.007701214398714542,0.0011705345505320683,0.72,-0.18,1.0
7.941583871841431,3,DF,0.0794158387184143,0.0,0.0,0.0716719540900668,-0.00382965827692141,-0.0038437589298331845,0.72,-0.18,1.0
7.941583871841431,3,DF,0.0794158387184143,0.0,0.0,0.07028951597018264,-0.009024421229034078,-0.0051953444713585305,0.72,-0.18,1.0
7.941583871841431,3,DF,0.0794158387184143,0.0,0.0,0.06365938512657494,-0.0008604984084950065,-0.006166083794349194,0.72,-0.18,1.0
7.941583871841431,3,DF,0.0794158387184143,0.0,0.0,0.07226471533034799,-0.001717228879100709,-0.003986981957794156,0.72,-0.18,1.0
7.941583871841431,3,DF,0.0794158387184143,0.0,0.0,0.06664505462981916,-0.006817409211063792,-0.007412050915488849,0.72,-0.18,1.0
7.941583871841431,3,DF,0.0794158387184143,0.0,0.0,0.060587698909475185,-0.008786588971916226,-0.00488782992423497,0.72,-0.18,1.0
7.941583871841431,3,DF,0.0794158387184143,0.0,0.0,0.0626379245915762,-0.009021691438827277,-0.0033990413926054306,0.72,-0.18,1.0
7.941583871841431,3,DF,0.0794158387184143,0.0,0.0,0.06615979011423626,-0.011912362701374149,-0.0014641807801919165,0.72,-0.18,1.0
7.941583871841431,3,DF,0.0794158387184143,0.0,0.0,0.06281375181059823,-0.010066428271859846,-0.0004225107915544747,0.72,-0.18,1.0
7.941583871841431,3,DF,0.0794158387184143,0.0,0.0,0.0691599670302329,-0.009761420498252573,0.0015113179989863128,0.72,-0.18,1.0
7.981878995895386,3,DF,0.07981878995895386,0.0,0.0,0.07145122516842593,-0.014610546513028419,0.0022048902018565707,0.72,-0.18,1.0
7.981878995895386,3,DF,0.07981878995895386,0.0,0.0,0.07796365994231828,-0.0021405340962107767,-0.002659680019032969,0.72,-0.18,1.0
7.981878995895386,3,DF,0.07981878995895386,0.0,0.0,0.08180136599203394,-0.017703785657744272,0.002540123714285866,0.72,-0.18,1.0
7.981878995895386,3,DF,0.07981878995895386,0.0,0.0,0.08821476666592444,-0.004201815811123949,0.00028857825131240665,0.72,-0.18,1.0
7.981878995895386,3,DF,0.07981878995895386,0.0,0.0,0.07856853211490408,-0.02420801755923286,0.00018135665651997248,0.72,-0.18,1.0
7.981878995895386,3,DF,0.07981878995895386,0.0,0.0,0.09219532336606723,-0.018919512450499453,-0.0069086105487390845,0.72,-0.18,1.0
7.981878995895386,3,DF,0.07981878995895386,0.0,0.0,0.08116280433890669,-0.027756615741759798,-0.008705264036021626,0.72,-0.18,1.0
7.981878995895386,3,DF,0.07981878995895386,0.0,0.0,0.06864909626062919,-0.009446415585116762,-0.007406730039157844,0.72,-0.18,1.0
7.981878995895386,3,DF,0.07981878995895386,0.0,0.0,0.07248629341345175,-0.014322295813690667,-0.009433046438397851,0.72,-0.18,1.0
7.981878995895386,3,DF,0.07981878995895386,0.0,0.0,0.08480105245144115,-0.008613931100526082,-0.008748992928241335,0.72,-0.18,1.0
8.03223204612732,3,DF,0.08032232046127319,0.0,0.0,0.08091004073648082,-0.018809749400047975,-0.005375726360808164,0.72,-0.18,1.0
8.03223204612732,3,DF,0.08032232046127319,0.0,0.0,0.07563735298253536,-0.01295940371064969,-0.010835738802808312,0.72,-0.18,1.0
8.03223204612732,3,DF,0.08032232046127319,0.0,0.0,0.07808322138589949,-0.01904425616223387,-0.011344765558763334,0.72,-0.18,1.0
8.03223204612732,3,DF,0.08032232046127319,0.0,0.0,0.08473161237315209,-0.025912416707306762,-0.0032346250338233466,0.72,-0.18,1.0
8.03223204612732,3,DF,0.08032232046127319,0.0,0.0,0.07925310380078279,-0.014206024903919267,-0.007541846389992559,0.72,-0.18,1.0
8.03223204612732,3,DF,0.08032232046127319,0.0,0.0,0.08250919755591993,-0.021909574831609047,-0.008050772786083796,0.72,-0.18,1.0
8.03223204612732,3,DF,0.08032232046127319,0.0,0.0,0.07118151335719294,-0.004648677224896817,-0.00544897032835994,0.72,-0.18,1.0
8.03223204612732,3,DF,0.08032232046127319,0.0,0.0,0.06539113634655933,-0.0117720063133262,-0.0036213377816907743,0.72,-0.18,1.0
8.03223204612732,3,DF,0.08032232046127319,0.0,0.0,0.06886930819491063,-0.017240915922870418,-0.000692718509123942,0.72,-0.18,1.0
8.03223204612732,3,DF,0.08032232046127319,0.0,0.0,0.07160007284300096,-0.010871339356380636,-0.00915364343631004,0.72,-0.18,1.0
8.072492599487305,3,DF,0.08072492599487305,0.0,0.0,0.06841898055757513,-0.0075442911779123,-0.001739540567056356,0.72,-0.18,1.0
8.072492599487305,3,DF,0.08072492599487305,0.0,0.0,0.06303981903193284,-0.008269432901466344,-0.005215841928356454,0.72,-0.18,1.0
8.072492599487305,3,DF,0.08072492599487305,0.0,0.0,0.05942728140259744,-0.00892836965915729,-0.004365237306046917,0.72,-0.18,1.0
8.072492599487305,3,DF,0.08072492599487305,0.0,0.0,0.07034490789723129,-0.015128940504917641,-0.009596478712809539,0.72,-0.18,1.0
8.072492599487305,3,DF,0.08072492599487305,0.0,0.0,0.06856179729107621,-0.019489822801950583,-0.0033473018090884894,0.72,-0.18,1.0
8.072492599487305,3,DF,0.08072492599487305,0.0,0.0,0.0731793627534075,0.0021536134185147,-0.010804683873008132,0.72,-0.18,1.0
8.072492599487305,3,DF,0.08072492599487305,0.0,0.0,0.06711094965866773,-0.0010416431310373143,-0.016004792958461425,0.72,-0.18,1.0
8.072492599487305,3,DF,0.08072492599487305,0.0,0.0,0.07497977816785661,-0.012456053821938278,-0.0035148999077042045,0.72,-0.18,1.0
8.072492599487305,3,DF,0.08072492599487305,0.0,0.0,0.08286476759799441,0.0016380913732016132,-0.0006754020829924739,0.72,-0.18,1.0
8.072492599487305,3,DF,0.08072492599487305,0.0,0.0,0.07243113415776704,-0.005592507230113904,-0.005916384121983795,0.72,-0.18,1.0
8.113085985183716,3,DF,0.08113085985183716,0.0,0.0,0.07416069516131747,-0.0037885431361076444,-0.007772577202926145,0.72,-0.18,1.0
8.113085985183716,3,DF,0.08113085985183716,0.0,0.0,0.07324569970604625,0.0023134083227489737,-0.011398885214159125,0.72,-0.18,1.0
8.113085985183716,3,DF,0.08113085985183716,0.0,0.0,0.07512691773573284,-0.007568272170375961,-0.010421069026435996,0.72,-0.18,1.0
8.113085985183716,3,DF,0.08113085985183716,0.0,0.0,0.07758205235121977,-0.021386617164739632,-0.00775681888615414,0.72,-0.18,1.0
8.113085985183716,3,DF,0.08113085985183716,0.0,0.0,0.07624567845308897,-0.011929593470575582,-0.012494956595440473,0.72,-0.18,1.0
8.113085985183716,3,DF,0.08113085985183716,0.0,0.0,0.08483184169764885,-0.014937126976749645,-0.012667760505284939,0.72,-0.18,1.0
8.113085985183716,3,DF,0.08113085985183716,0.0,0.0,0.08237668157678736,-0.005914314227500234,-0.010827838099659523,0.72,-0.18,1.0
8.113085985183716,3,DF,0.08113085985183716,0.0,0.0,0.07017363128693659,0.0004023588074472141,-0.01446702772071306,0.72,-0.18,1.0
8.113085985183716,3,DF,0.08113085985183716,0.0,0.0,0.0742419044722524,-0.006646435220382715,-0.006658793571418591,0.72,-0.18,1.0
8.113085985183716,3,DF,0.08113085985183716,0.0,0.0,0.08156410163774643,-0.010053917503131489,-0.003764913829183175,0.72,-0.18,1.0
8.153395891189575,3,DF,0.08153395891189576,0.0,0.0,0.0893448881050644,-0.019182683907490925,-0.009053454894202622,0.72,-0.18,1.0
8.153395891189575,3,DF,0.08153395891189576,0.0,0.0,0.06982550793397575,-0.017722850689225356,-0.007771749521729553,0.72,-0.18,1.0
8.153395891189575,3,DF,0.08153395891189576,0.0,0.0,0.07717039639759089,-0.010429853721825545,-0.01194161741896302,0.72,-0.18,1.0
8.153395891189575,3,DF,0.08153395891189576,0.0,0.0,0.07968701558593534,-0.008688109732050434,-0.010746180170423152,0.72,-0.18,1.0
8.153395891189575,3,DF,0.08153395891189576,0.0,0.0,0.07504922018768947,-0.002767160027230463,-0.00899532496692393,0.72,-0.18,1.0
8.153395891189575,3,DF,0.08153395891189576,0.0,0.0,0.071983550041067,-0.005504895704425311,-0.0036545129988934857,0.72,-0.18,1.0
8.153395891189575,3,DF,0.08153395891189576,0.0,0.0,0.07088307698098446,-0.005993045154272444,-0.0058604126356806355,0.72,-0.18,1.0
8.153395891189575,3,DF,0.08153395891189576,0.0,0.0,0.07793345291031546,-0.013297673847010891,-0.0055178605975755345,0.72,-0.18,1.0
8.153395891189575,3,DF,0.08153395891189576,0.0,0.0,0.08641814800675147,-0.004825782588452376,-0.00023304414909868084,0.72,-0.18,1.0
8.153395891189575,3,DF,0.08153395891189576,0.0,0.0,0.09535298679492153,0.0017006800164939152,-0.002700915800144936,0.72,-0.18,1.0
8.203770637512207,3,DF,0.08203770637512207,0.0,0.0,0.0907052770452791,-0.006033299567366242,0.0043580425197876265,0.72,-0.18,1.0
8.203770637512207,3,DF,0.08203770637512207,0.0,0.0,0.08255003070991182,-0.005851307277894371,0.006388149399799302,0.72,-0.18,1.0
8.203770637512207,3,DF,0.08203770637512207,0.0,0.0,0.07203201657032578,-0.0065795858206135266,0.0009466693458931683,0.72,-0.18,1.0
8.203770637512207,3,DF,0.08203770637512207,0.0,0.0,0.06433783265538288,-0.010923792183477051,-0.00460475797016372,0.72,-0.18,1.0
8.203770637512207,3,DF,0.08203770637512207,0.0,0.0,0.06134823856484517,-0.02044339403638107,-0.011046872948464024,0.72,-0.18,1.0
8.203770637512207,3,DF,0.08203770637512207,0.0,0.0,0.061092163080444184,-0.014789839597068562,-0.006089151751472872,0.72,-0.18,1.0
8.203770637512207,3,DF,0.08203770637512207,0.0,0.0,0.0785392601432448,-0.021564253275002773,-0.006644673597598846,0.72,-0.18,1.0
8.203770637512207,3,DF,0.08203770637512207,0.0,0.0,0.09273663208124854,-0.01806320910828726,-0.0028392568717147053,0.72,-0.18,1.0
8.203770637512207,3,DF,0.08203770637512207,0.0,0.0,0.09257058313781713,-0.017939144203244294,-0.008627396051440245,0.72,-0.18,1.0
8.203770637512207,3,DF,0.08203770637512207,0.0,0.0,0.08970357390990277,-0.013272697762763295,-0.007471466227562772,0.72,-0.18,1.0
8.244114398956299,3,DF,0.082441143989563,0.0,0.0,0.0818978966917372,-0.007930291815626335,-0.0006921937703161521,0.72,-0.18,1.0
8.244114398956299,3,DF,0.082441143989563,0.0,0.0,0.09175340335420631,-0.005108505147509225,-0.0021493012304368967,0.72,-0.18,1.0
8.244114398956299,3,DF,0.082441143989563,0.0,0.0,0.08356150013711192,-0.008558371491967863,-0.0035713652228574417,0.72,-0.18,1.0
8.244114398956299,3,DF,0.082441143989563,0.0,0.0,0.07075512337909298,-0.008479655272322247,-0.002227494601436136,0.72,-0.18,1.0
8.244114398956299,3,DF,0.082441143989563,0.0,0.0,0.0655321329424462,0.0030434937811640037,-0.0028281108697350878,0.72,-0.18,1.0
8.244114398956299,3,DF,0.082441143989563,0.0,0.0,0.0594238506003632,-0.009671483228453978,-0.0017123024655505334,0.72,-0.18,1.0
8.244114398956299,3,DF,0.082441143989563,0.0,0.0,0.06311979553243696,-0.010484405579093702,0.00041308671930687194,0.72,-0.18,1.0
8.244114398956299,3,DF,0.082441143989563,0.0,0.0,0.05851791146697185,-0.009012757495384457,0.00019352988401037923,0.72,-0.18,1.0
8.244114398956299,3,DF,0.082441143989563,0.0,0.0,0.06047107066089689,0.0030527375284611275,-0.008413983171705764,0.72,-0.18,1.0
8.244114398956299,3,DF,0.082441143989563,0.0,0.0,0.06206702401855384,-0.010138356117574484,-0.007644459129609513,0.72,-0.18,1.0
8.284412860870361,3,DF,0.08284412860870362,0.0,0.0,0.06333395384026817,-0.007710647942408011,-0.005107209526290858,0.72,-0.18,1.0
8.284412860870361,3,DF,0.08284412860870362,0.0,0.0,0.06293365782415523,-0.012979083834976016,-0.01082754157710272,0.72,-0.18,1.0
8.284412860870361,3,DF,0.08284412860870362,0.0,0.0,0.06582554895188822,-0.011022056034296691,-0.006271586047928223,0.72,-0.18,1.0
8.284412860870361,3,DF,0.08284412860870362,0.0,0.0,0.05995869459457777,-0.023558457007987685,-0.0007312866752311564,0.72,-0.18,1.0
8.284412860870361,3,DF,0.08284412860870362,0.0,0.0,0.06922142112851179,-0.026501337319297245,-0.000502456907927015,0.72,-0.18,1.0
8.284412860870361,3,DF,0.08284412860870362,0.0,0.0,0.07315906893044782,-0.02179786632323862,-0.000836828486278565,0.72,-0.18,1.0
8.284412860870361,3,DF,0.08284412860870362,0.0,0.0,0.07988634761069426,-0.019938419750428083,-0.0005872164844627221,0.72,-0.18,1.0
8.284412860870361,3,DF,0.08284412860870362,0.0,0.0,0.09152168449631434,-0.01289558453186818,-0.002240887205127601,0.72,-0.18,1.0
8.284412860870361,3,DF,0.08284412860870362,0.0,0.0,0.08540962961662373,-0.02249153506891667,-0.007518742295729739,0.72,-0.18,1.0
8.284412860870361,3,DF,0.08284412860870362,0.0,0.0,0.08484898701762117,-0.018660649068656106,-0.000923748593353647,0.72,-0.18,1.0
8.33479380607605,3,DF,0.0833479380607605,0.0,0.0,0.08964157758310357,-0.01785964410834754,0.0028773547083669852,0.72,-0.18,1.0
8.33479380607605,3,DF,0.0833479380607605,0.0,0.0,0.0781993383975633,-0.018041415203749318,-0.004057403200342553,0.72,-0.18,1.0
8.33479380607605,3,DF,0.0833479380607605,0.0,0.0,0.0748716185774464,-0.00863204301293685,0.002670114187758549,0.72,-0.18,1.0
8.33479380607605,3,DF,0.0833479380607605,0.0,0.0,0.07301217165565435,-0.009658915562882035,0.0020311345099150334,0.72,-0.18,1.0
8.33479380607605,3,DF,0.0833479380607605,0.0,0.0,0.07760617821501038,-0.010950394682086827,-0.0034352816723679665,0.72,-0.18,1.0
8.33479380607605,3,DF,0.0833479380607605,0.0,0.0,0.08061658266044781,-0.019877768923297928,-0.013570504870687549,0.72,-0.18,1.0
8.33479380607605,3,DF,0.0833479380607605,0.0,0.0,0.08122281653380822,-0.018353965053639267,-0.006036129532318394,0.72,-0.18,1.0
8.33479380607605,3,DF,0.0833479380607605,0.0,0.0,0.08255727118946679,-0.013295380537368522,0.000604842513061554,0.72,-0.18,1.0
8.33479380607605,3,DF,0.0833479380607605,0.0,0.0,0.0819214596850486,-0.01624836233322577,-0.003245457417528512,0.72,-0.18,1.0
8.375105619430542,3,DF,0.08375105619430542,0.0,0.0,0.08361995559675717,-0.013045322553563627,0.0014236408615490458,0.72,-0.18,1.0
8.375105619430542,3,DF,0.08375105619430542,0.0,0.0,0.08225223787023678,-0.007806230713409497,0.0032481449799010784,0.72,-0.18,1.0
8.375105619430542,3,DF,0.08375105619430542,0.0,0.0,0.07898785504528108,-0.025852756413708475,0.0034411584294463007,0.72,-0.18,1.0
8.375105619430542,3,DF,0.08375105619430542,0.0,0.0,0.07773772699274326,-0.015223727192380248,-0.007447174543694233,0.72,-0.18,1.0
8.375105619430542,3,DF,0.08375105619430542,0.0,0.0,0.08105161156204586,-0.01620965570829303,-0.004601996702293871,0.72,-0.18,1.0
8.375105619430542,3,DF,0.08375105619430542,0.0,0.0,0.07864290191920954,-0.014891566286089257,-0.0034312959069154264,0.72,-0.18,1.0
8.375105619430542,3,DF,0.08375105619430542,0.0,0.0,0.08242714377892693,-0.009139641741066682,-0.004186615828824086,0.72,-0.18,1.0
8.375105619430542,3,DF,0.08375105619430542,0.0,0.0,0.07784723955430492,-0.006583544764972909,-0.003210966426290627,0.72,-0.18,1.0
8.375105619430542,3,DF,0.08375105619430542,0.0,0.0,0.07752139206045841,-0.017505082810471723,-0.000441239722779967,0.72,-0.18,1.0
8.375105619430542,3,DF,0.08375105619430542,0.0,0.0,0.07624195211452105,-0.009701165797556135,-0.0055586347764455864,0.72,-0.18,1.0
8.415413618087769,3,DF,0.08415413618087769,0.0,0.0,0.0749486402930645,-0.006115295761151145,-0.009082506436681875,0.72,-0.18,1.0
8.415413618087769,3,DF,0.08415413618087769,0.0,0.0,0.07980182575464324,-0.007035769978958125,-0.0023678378260535357,0.72,-0.18,1.0
8.415413618087769,3,DF,0.08415413618087769,0.0,0.0,0.08011531529026215,-0.0006600184405722604,-0.014359862595799917,0.72,-0.18,1.0
8.415413618087769,3,DF,0.08415413618087769,0.0,0.0,0.08148236268263903,-0.00032308654597962245,-0.009434042445071473,0.72,-0.18,1.0
8.415413618087769,3,DF,0.08415413618087769,0.0,0.0,0.08413987973999015,-0.0045433340883410086,-0.008246541149880774,0.72,-0.18,1.0
8.415413618087769,3,DF,0.08415413618087769,0.0,0.0,0.08328300974812321,-0.02021062712358403,-0.0118473312153181,0.72,-0.18,1.0
8.415413618087769,3,DF,0.08415413618087769,0.0,0.0,0.08336381945223642,-0.006408652034017675,-0.004586636873006426,0.72,-0.18,1.0
8.415413618087769,3,DF,0.08415413618087769,0.0,0.0,0.07868377647186434,-0.025430624525175943,-0.008820850574880806,0.72,-0.18,1.0
8.415413618087769,3,DF,0.08415413618087769,0.0,0.0,0.07714621367006784,-0.008477051397777189,-0.005979697627412561,0.72,-0.18,1.0
8.415413618087769,3,DF,0.08415413618087769,0.0,0.0,0.08291103073686412,-0.011591384595941447,-0.0009745059139206757,0.72,-0.18,1.0
8.455713033676147,3,DF,0.08455713033676147,0.0,0.0,0.08049858094930826,-0.014130592280132815,-0.004854584759585447,0.72,-0.18,1.0
8.455713033676147,3,DF,0.08455713033676147,0.0,0.0,0.08846629773826963,-0.0015988068978913222,-0.0014424350511811866,0.72,-0.18,1.0
8.455713033676147,3,DF,0.08455713033676147,0.0,0.0,0.08516310065856385,-0.005790403793431954,-0.004040152046333244,0.72,-0.18,1.0
8.455713033676147,3,DF,0.08455713033676147,0.0,0.0,0.07857921293194833,-0.013514324390013628,-0.008798807371279896,0.72,-0.18,1.0
8.455713033676147,3,DF,0.08455713033676147,0.0,0.0,0.0816555690639854,-0.022546435875343485,-0.008333158602145346,0.72,-0.18,1.0
8.455713033676147,3,DF,0.08455713033676147,0.0,0.0,0.08356095628162526,-0.005126522693722135,-0.007816885618274871,0.72,-0.18,1.0
8.455713033676147,3,DF,0.08455713033676147,0.0,0.0,0.07436403044905965,-0.011130421082489001,-0.006114614799052069,0.72,-0.18,1.0
8.455713033676147,3,DF,0.08455713033676147,0.0,0.0,0.07758868610118491,-0.012586840269927744,0.005175790808399844,0.72,-0.18,1.0
8.455713033676147,3,DF,0.08455713033676147,0.0,0.0,0.08391190866032913,-0.015946870726686244,-0.0018100209155400488,0.72,-0.18,1.0
8.455713033676147,3,DF,0.08455713033676147,0.0,0.0,0.08206611409085356,-0.0019695726891623046,-0.005371171623836328,0.72,-0.18,1.0
8.506081104278564,3,DF,0.08506081104278565,0.0,0.0,0.0893967918170196,-0.011413466079513624,-0.0029108500988954153,0.72,-0.18,1.0
8.506081104278564,3,DF,0.08506081104278565,0.0,0.0,0.0842855000423273,-0.006893869189437254,-0.0084164488145845,0.72,-0.18,1.0
8.506081104278564,3,DF,0.08506081104278565,0.0,0.0,0.07281442421045019,-0.02429827052327782,-0.00568745993675176,0.72,-0.18,1.0
8.506081104278564,3,DF,0.08506081104278565,0.0,0.0,0.08545897952879167,-0.01681781094936979,0.0010965368531032807,0.72,-0.18,1.0
8.506081104278564,3,DF,0.08506081104278565,0.0,0.0,0.07135308609489228,-0.01836070126999528,-0.0001959082178342769,0.72,-0.18,1.0
8.506081104278564,3,DF,0.08506081104278565,0.0,0.0,0.069149682880215,-0.018242600852534353,-0.000425009730913867,0.72,-0.18,1.0
8.506081104278564,3,DF,0.08506081104278565,0.0,0.0,0.0731220420553579,-0.028606115260193802,-0.00877158776808551,0.72,-0.18,1.0
8.506081104278564,3,DF,0.08506081104278565,0.0,0.0,0.08008717406309741,-0.023867438407704677,-0.007917925938229918,0.72,-0.18,1.0
8.506081104278564,3,DF,0.08506081104278565,0.0,0.0,0.07159732585772241,-0.005684881065086174,-0.008521173474377157,0.72,-0.18,1.0
8.506081104278564,3,DF,0.08506081104278565,0.0,0.0,0.07952228574653214,-0.0005361599084798862,-0.012016572278246549,0.72,-0.18,1.0
8.546415328979492,3,DF,0.08546415328979493,0.0,0.0,0.07875210929236266,0.0027330493922467156,-0.005684873419668592,0.72,-0.18,1.0
8.546415328979492,3,DF,0.08546415328979493,0.0,0.0,0.08411449944873867,0.002638294572085177,-0.011684197631554363,0.72,-0.18,1.0
8.546415328979492,3,DF,0.08546415328979493,0.0,0.0,0.0811611833257514,-0.010456995979260498,0.0001940072420826083,0.72,-0.18,1.0
8.546415328979492,3,DF,0.08546415328979493,0.0,0.0,0.08988800738353511,-0.009845250022166156,-0.006679112342869498,0.72,-0.18,1.0
8.546415328979492,3,DF,0.08546415328979493,0.0,0.0,0.08974786548808264,-0.012810345242826386,-0.010356083740782588,0.72,-0.18,1.0
8.546415328979492,3,DF,0.08546415328979493,0.0,0.0,0.0910353942128585,-0.014109160705138983,-0.008645164431056942,0.72,-0.18,1.0
8.546415328979492,3,DF,0.08546415328979493,0.0,0.0,0.08794129327254648,-0.0045895675660350905,-0.0023936056435088036,0.72,-0.18,1.0
8.546415328979492,3,DF,0.08546415328979493,0.0,0.0,0.08767948082539233,-0.0023218120695284684,-0.0045198701517652345,0.72,-0.18,1.0
8.546415328979492,3,DF,0.08546415328979493,0.0,0.0,0.08092375136576274,-0.013239949044696242,-0.002752032815475787,0.72,-0.18,1.0
8.546415328979492,3,DF,0.08546415328979493,0.0,0.0,0.0822793488532175,-0.002352181326610226,0.0018465390098706689,0.72,-0.18,1.0
8.586718082427979,3,DF,0.08586718082427978,0.0,0.0,0.08376019744875399,-0.0004339587859614762,0.0022029896617167576,0.72,-0.18,1.0
8.586718082427979,3,DF,0.08586718082427978,0.0,0.0,0.08827805590227848,-0.0066562702419730784,-0.0027408599759130544,0.72,-0.18,1.0
8.586718082427979,3,DF,0.08586718082427978,0.0,0.0,0.08583442688039028,-0.01271457338801205,-0.001054735183838966,0.72,-0.18,1.0
8.586718082427979,3,DF,0.08586718082427978,0.0,0.0,0.0863711655413505,-0.016858696994936802,-0.007784034978702454,0.72,-0.18,1.0
8.586718082427979,3,DF,0.08586718082427978,0.0,0.0,0.09165971304098511,-0.009368026163167122,-0.009755177049749684,0.72,-0.18,1.0
8.586718082427979,3,DF,0.08586718082427978,0.0,0.0,0.08083279465397111,-0.011467672529548778,-0.002621873315650705,0.72,-0.18,1.0
8.586718082427979,3,DF,0.08586718082427978,0.0,0.0,0.07825185392285343,-0.010626659908793988,-0.0005078274342157817,0.72,-0.18,1.0
8.586718082427979,3,DF,0.08586718082427978,0.0,0.0,0.07795446873999086,-0.004705383934090867,0.0009100446520465067,0.72,-0.18,1.0
8.586718082427979,3,DF,0.08586718082427978,0.0,0.0,0.07268082256700562,-0.006821846248151451,-0.00026600832954378563,0.72,-0.18,1.0
8.586718082427979,3,DF,0.08586718082427978,0.0,0.0,0.08195202997322631,-0.009521857971478021,0.0011288788263902369,0.72,-0.18,1.0
8.627026796340942,3,DF,0.08627026796340942,0.0,0.0,0.08976954094667405,-0.0139961107117327,-0.00391638551102962,0.72,-0.18,1.0
8.627026796340942,3,DF,0.08627026796340942,0.0,0.0,0.0887014298066287,-0.016748129618625207,-0.005702717968400614,0.72,-0.18,1.0
8.627026796340942,3,DF,0.08627026796340942,0.0,0.0,0.08168994370425357,-0.015323331123323356,-0.01121129018756313,0.72,-0.18,1.0
8.627026796340942,3,DF,0.08627026796340942,0.0,0.0,0.0817689017985446,-0.014773663032967895,-0.00833991356341244,0.72,-0.18,1.0
8.627026796340942,3,DF,0.08627026796340942,0.0,0.0,0.08034141429407582,-0.0169046122536966,-0.005413371712285725,0.72,-0.18,1.0
8.627026796340942,3,DF,0.08627026796340942,0.0,0.0,0.08069180400580922,-0.016478703458883793,-0.0036518314396548927,0.72,-0.18,1.0
8.627026796340942,3,DF,0.08627026796340942,0.0,0.0,0.09008090975961368,-0.021858540799562277,-0.003120226533702748,0.72,-0.18,1.0
8.627026796340942,3,DF,0.08627026796340942,0.0,0.0,0.08876734033320684,-0.0163880079307056,-0.005914068808943636,0.72,-0.18,1.0
8.627026796340942,3,DF,0.08627026796340942,0.0,0.0,0.0780374465786334,-0.006084879452904103,-0.003037736491469108,0.72,-0.18,1.0
8.627026796340942,3,DF,0.08627026796340942,0.0,0.0,0.08664225132061694,-0.00889029318746753,-0.008079420620157493,0.72,-0.18,1.0
8.677387952804565,3,DF,0.08677387952804566,0.0,0.0,0.08161242064954874,-0.015499478414650956,-0.002761831206389513,0.72,-0.18,1.0
8.677387952804565,3,DF,0.08677387952804566,0.0,0.0,0.08919654626205427,-0.016257042347012612,-0.0005429961934873152,0.72,-0.18,1.0
8.677387952804565,3,DF,0.08677387952804566,0.0,0.0,0.08915405026706827,-0.012152728073065278,0.0014512118915354806,0.72,-0.18,1.0
8.677387952804565,3,DF,0.08677387952804566,0.0,0.0,0.08219550669828744,-0.010293821008614826,-0.0052970915744874735,0.72,-0.18,1.0
8.677387952804565,3,DF,0.08677387952804566,0.0,0.0,0.09671471801548827,-0.00782991430415561,0.0012863331848662139,0.72,-0.18,1.0
8.677387952804565,3,DF,0.08677387952804566,0.0,0.0,0.08834133823807253,-0.006984045272850737,0.0015990016032398802,0.72,-0.18,1.0
8.677387952804565,3,DF,0.08677387952804566,0.0,0.0,0.08003196654366918,-0.011366572829442952,0.0013499611579514243,0.72,-0.18,1.0
8.677387952804565,3,DF,0.08677387952804566,0.0,0.0,0.07770312971769945,-0.012916075030888928,0.00474114104745592,0.72,-0.18,1.0
8.677387952804565,3,DF,0.08677387952804566,0.0,0.0,0.07898198245194288,-0.015555830351738522,-0.0056127656555261425,0.72,-0.18,1.0
8.677387952804565,3,DF,0.08677387952804566,0.0,0.0,0.08333464305535965,-0.010049583764687977,-0.0006471295977545921,0.72,-0.18,1.0
8.717689275741577,3,DF,0.08717689275741577,0.0,0.0,0.08914471288081298,-0.005135535295566324,-0.0015640001988887055,0.72,-0.18,1.0
8.717689275741577,3,DF,0.08717689275741577,0.0,0.0,0.08605328314615711,-0.006770402062686986,-0.004482348758280999,0.72,-0.18,1.0
8.717689275741577,3,DF,0.08717689275741577,0.0,0.0,0.08956584512218296,-0.016608335551469764,-0.00947467055844098,0.72,-0.18,1.0
8.717689275741577,3,DF,0.08717689275741577,0.0,0.0,0.08544782050095337,-0.015608774333016419,-0.007062319318517808,0.72,-0.18,1.0
8.717689275741577,3,DF,0.08717689275741577,0.0,0.0,0.07882349777551026,-0.014227231577280305,-0.002469926857075332,0.72,-0.18,1.0
8.717689275741577,3,DF,0.08717689275741577,0.0,0.0,0.08307455738430178,-0.011835488407927166,0.0002830554694952614,0.72,-0.18,1.0
8.717689275741577,3,DF,0.08717689275741577,0.0,0.0,0.08417836920409166,-0.017541512151478568,-0.004974969547743521,0.72,-0.18,1.0
8.717689275741577,3,DF,0.08717689275741577,0.0,0.0,0.08020281360565328,-0.02643839909905529,-0.007317594015528898,0.72,-0.18,1.0
8.717689275741577,3,DF,0.08717689275741577,0.0,0.0,0.07995339502671976,-0.015127776817321833,-0.0050367091341408776,0.72,-0.18,1.0
8.717689275741577,3,DF,0.08717689275741577,0.0,0.0,0.07262038902874443,-0.0026113698628713274,-0.0013747492050833732,0.72,-0.18,1.0
8.757985830307007,3,DF,0.08757985830307007,0.0,0.0,0.08490755108394377,-0.005357263200264807,-0.002658291526241348,0.72,-0.18,1.0
8.757985830307007,3,DF,0.08757985830307007,0.0,0.0,0.07493608228003093,-0.011293178073611408,-0.006316718522925918,0.72,-0.18,1.0
8.757985830307007,3,DF,0.08757985830307007,0.0,0.0,0.0771595872968102,-0.01650143158091795,-0.0039821725450328695,0.72,-0.18,1.0
8.757985830307007,3,DF,0.08757985830307007,0.0,0.0,0.07253791348069395,-0.020194759217819474,-0.01085190214332972,0.72,-0.18,1.0
8.757985830307007,3,DF,0.08757985830307007,0.0,0.0,0.07997769359451481,-0.021618004887782254,-0.013053214193784957,0.72,-0.18,1.0
8.757985830307007,3,DF,0.08757985830307007,0.0,0.0,0.08007557608261091,-0.02249647558655399,-0.011110573982538013,0.72,-0.18,1.0
8.757985830307007,3,DF,0.08757985830307007,0.0,0.0,0.07359666701325832,-0.005589051527415489,-0.010297775431979347,0.72,-0.18,1.0
8.757985830307007,3,DF,0.08757985830307007,0.0,0.0,0.06849529132993437,-0.02282408629677699,-0.01183207294850665,0.72,-0.18,1.0
8.757985830307007,3,DF,0.08757985830307007,0.0,0.0,0.07932624475668575,-0.025042293066008723,-0.011067294889879137,0.72,-0.18,1.0
8.757985830307007,3,DF,0.08757985830307007,0.0,0.0,0.08406630566564904,-0.019491793550452673,-0.010143221765274432,0.72,-0.18,1.0
8.808352947235107,3,DF,0.08808352947235108,0.0,0.0,0.08755160385220993,-0.004604518536317851,-0.0007216454026624649,0.72,-0.18,1.0
8.808352947235107,3,DF,0.08808352947235108,0.0,0.0,0.07866199493354235,0.0004637519928324846,0.0052699723125149665,0.72,-0.18,1.0
8.808352947235107,3,DF,0.08808352947235108,0.0,0.0,0.0807189768510551,-0.011345450784252722,0.007096272133902324,0.72,-0.18,1.0
8.808352947235107,3,DF,0.08808352947235108,0.0,0.0,0.08617524776663585,-0.014609742721476335,0.0033287644736013466,0.72,-0.18,1.0
8.808352947235107,3,DF,0.08808352947235108,0.0,0.0,0.08408081360212541,-0.01934141256906745,0.002168024715805477,0.72,-0.18,1.0
8.808352947235107,3,DF,0.08808352947235108,0.0,0.0,0.0785622440645553,-0.020258317944071222,0.004089031640753877,0.72,-0.18,1.0
8.808352947235107,3,DF,0.08808352947235108,0.0,0.0,0.08217996696474628,-0.012248613815806931,0.00032155614431565044,0.72,-0.18,1.0
8.808352947235107,3,DF,0.08808352947235108,0.0,0.0,0.08545186728598748,-0.00916596807132051,-0.002427148446863739,0.72,-0.18,1.0
8.808352947235107,3,DF,0.08808352947235108,0.0,0.0,0.08255385147037154,-0.0015414894878310443,-0.009626024745299092,0.72,-0.18,1.0
8.808352947235107,3,DF,0.08808352947235108,0.0,0.0,0.08238911144585019,-0.017874810841576487,-0.010887782880680234,0.72,-0.18,1.0
8.848664999008179,3,DF,0.0884866499900818,0.0,0.0,0.08318502004356416,-0.0156832218165611,-0.007372955078745239,0.72,-0.18,1.0
8.848664999008179,3,DF,0.0884866499900818,0.0,0.0,0.0924034984155758,-0.015651170565161958,0.0007130254017201691,0.72,-0.18,1.0
8.848664999008179,3,DF,0.0884866499900818,0.0,0.0,0.08100548409429668,-0.005302931286558836,0.0014132160637278241,0.72,-0.18,1.0
8.848664999008179,3,DF,0.0884866499900818,0.0,0.0,0.08359084747185341,-0.010895573753016282,0.0015477111051896198,0.72,-0.18,1.0
8.848664999008179,3,DF,0.0884866499900818,0.0,0.0,0.08367997678598026,-0.01973770227591217,0.0011213501951084415,0.72,-0.18,1.0
8.848664999008179,3,DF,0.0884866499900818,0.0,0.0,0.09215543368620704,-0.008507524920574782,-0.0028310938445526884,0.72,-0.18,1.0
8.848664999008179,3,DF,0.0884866499900818,0.0,0.0,0.0988288657924283,-0.014809877099473547,-0.005848029851988987,0.72,-0.18,1.0
8.848664999008179,3,DF,0.0884866499900818,0.0,0.0,0.09963333535997769,-0.014060057737320941,-0.004568835346795759,0.72,-0.18,1.0
8.848664999008179,3,DF,0.0884866499900818,0.0,0.0,0.08821728028936744,-0.016271748295703308,-0.006092132949327502,0.72,-0.18,1.0
8.888959407806396,3,DF,0.08888959407806396,0.0,0.0,0.08915740944880156,-0.014959298854320667,-0.015019642043581576,0.72,-0.18,1.0
8.888959407806396,3,DF,0.08888959407806396,0.0,0.0,0.0899970144230656,-0.008182616514769255,-0.008823214689050436,0.72,-0.18,1.0
8.888959407806396,3,DF,0.08888959407806396,0.0,0.0,0.0922696790303399,-0.010156322602685947,-0.0025400197423426987,0.72,-0.18,1.0
8.888959407806396,3,DF,0.08888959407806396,0.0,0.0,0.07938934875959494,-0.01665262466286333,-0.004652508875617153,0.72,-0.18,1.0
8.888959407806396,3,DF,0.08888959407806396,0.0,0.0,0.08049030820177576,-0.019232996276205616,-0.005691708283900609,0.72,-0.18,1.0
8.888959407806396,3,DF,0.08888959407806396,0.0,0.0,0.07452624826553857,-0.015213615043530778,-0.007521427342223444,0.72,-0.18,1.0
8.888959407806396,3,DF,0.08888959407806396,0.0,0.0,0.07519039046260859,-0.015049269648088033,-0.0058318443859860965,0.72,-0.18,1.0
8.888959407806396,3,DF,0.08888959407806396,0.0,0.0,0.08010483636846676,-0.009040504944501886,-0.006837994498172497,0.72,-0.18,1.0
8.888959407806396,3,DF,0.08888959407806396,0.0,0.0,0.06932842610530868,-0.011672718770756273,-0.010668491536300378,0.72,-0.18,1.0
8.888959407806396,3,DF,0.08888959407806396,0.0,0.0,0.07831962494302795,-0.01739311463448758,-0.01424112306984793,0.72,-0.18,1.0
8.92925763130188,3,DF,0.0892925763130188,0.0,0.0,0.08640146481668838,-0.015762106993025275,-0.0112628358996872,0.72,-0.18,1.0
8.92925763130188,3,DF,0.0892925763130188,0.0,0.0,0.08131489578977076,-0.017529485382128156,-0.010358396850315938,0.72,-0.18,1.0
8.92925763130188,3,DF,0.0892925763130188,0.0,0.0,0.08011376276083612,-0.021662906785344212,-0.013904052282260215,0.72,-0.18,1.0
8.92925763130188,3,DF,0.0892925763130188,0.0,0.0,0.0820321839790733,-0.012863244385006925,-0.005478677982974309,0.72,-0.18,1.0
8.92925763130188,3,DF,0.0892925763130188,0.0,0.0,0.08481489710316449,-0.015498370838396764,-0.008002259681607489,0.72,-0.18,1.0
8.92925763130188,3,DF,0.0892925763130188,0.0,0.0,0.09088028940916829,-0.017480527525725018,-0.004888594750936081,0.72,-0.18,1.0
8.92925763130188,3,DF,0.0892925763130188,0.0,0.0,0.08943608393775845,-0.012983594918215578,-0.0007789593989859853,0.72,-0.18,1.0
8.92925763130188,3,DF,0.0892925763130188,0.0,0.0,0.08200050962074992,-0.010462583227605201,-0.006598070561824235,0.72,-0.18,1.0
8.92925763130188,3,DF,0.0892925763130188,0.0,0.0,0.08670287284296266,-0.01482590485966019,-0.008553048021819097,0.72,-0.18,1.0
8.92925763130188,3,DF,0.0892925763130188,0.0,0.0,0.09647483611253999,-0.021161335597961014,-0.007154932342440762,0.72,-0.18,1.0
8.979623317718506,3,DF,0.08979623317718506,0.0,0.0,0.09127946063151333,-0.010309217796414883,-0.005986821986510841,0.72,-0.18,1.0
8.979623317718506,3,DF,0.08979623317718506,0.0,0.0,0.07973698846891837,-0.017919173520584683,-0.0075278127572434165,0.72,-0.18,1.0
8.979623317718506,3,DF,0.08979623317718506,0.0,0.0,0.07823298246259236,-0.01505309150350098,-0.008477590894147994,0.72,-0.18,1.0
8.979623317718506,3,DF,0.08979623317718506,0.0,0.0,0.08463804652425895,-0.014147423914383147,-0.007992071547154384,0.72,-0.18,1.0
8.979623317718506,3,DF,0.08979623317718506,0.0,0.0,0.0828376852781477,-0.016064377554003764,-0.008327541591289959,0.72,-0.18,1.0
8.979623317718506,3,DF,0.08979623317718506,0.0,0.0,0.08513570804850298,-0.006835389277463063,-0.006665956118858294,0.72,-0.18,1.0
8.979623317718506,3,DF,0.08979623317718506,0.0,0.0,0.08423141802132504,-0.01891349388159686,-0.016887429649910073,0.72,-0.18,1.0
8.979623317718506,3,DF,0.08979623317718506,0.0,0.0,0.07678975030675353,-0.01321960972905456,-0.02247421505100966,0.72,-0.18,1.0
8.979623317718506,3,DF,0.08979623317718506,0.0,0.0,0.08113498021974985,-0.02076019050269804,-0.02253363551324798,0.72,-0.18,1.0
8.979623317718506,3,DF,0.08979623317718506,0.0,0.0,0.08223523704734036,-0.019471489618233955,-0.017378393854589974,0.72,-0.18,1.0
9.019922971725464,3,DF,0.09019922971725464,0.0,0.0,0.09838534364726241,-0.01347506656820561,-0.011198095223957602,0.72,-0.18,1.0
9.019922971725464,3,DF,0.09019922971725464,0.0,0.0,0.09754627898413347,-0.01652611848994076,-0.0034254913197197022,0.72,-0.18,1.0
9.019922971725464,3,DF,0.09019922971725464,0.0,0.0,0.09500176698174079,-0.01502319879890568,0.0006246450422845343,0.72,-0.18,1.0
9.019922971725464,3,DF,0.09019922971725464,0.0,0.0,0.08734055265452954,-0.0066598099680837235,-0.0030068495161485005,0.72,-0.18,1.0
9.019922971725464,3,DF,0.09019922971725464,0.0,0.0,0.08426961918930023,-0.00815368121216337,0.003080745004391855,0.72,-0.18,1.0
9.019922971725464,3,DF,0.09019922971725464,0.0,0.0,0.08796049606974464,-0.005139436298172622,-0.0003565904165837892,0.72,-0.18,1.0
9.019922971725464,3,DF,0.09019922971725464,0.0,0.0,0.0792624756723176,-0.007773992639942929,-0.0016031720261673586,0.72,-0.18,1.0
9.019922971725464,3,DF,0.09019922971725464,0.0,0.0,0.07562398470494108,-0.011519721106117002,-0.0026643499404399194,0.72,-0.18,1.0
9.019922971725464,3,DF,0.09019922971725464,0.0,0.0,0.07863016962764569,-0.012289589460241775,0.00038040826971051303,0.72,-0.18,1.0
9.019922971725464,3,DF,0.09019922971725464,0.0,0.0,0.09419621937952356,-0.015273993278703556,-0.005460147249877567,0.72,-0.18,1.0
9.060223817825317,3,DF,0.09060223817825318,0.0,0.0,0.10065944795496222,-0.012136774207784968,-0.006329635344797933,0.72,-0.18,1.0
9.060223817825317,3,DF,0.09060223817825318,0.0,0.0,0.08904066219889843,-0.015730075043879275,-0.003597051354023361,0.72,-0.18,1.0
9.060223817825317,3,DF,0.09060223817825318,0.0,0.0,0.09209220412866004,-0.005647533243094817,-0.005167684776290447,0.72,-0.18,1.0
9.060223817825317,3,DF,0.09060223817825318,0.0,0.0,0.08095740712563992,-0.010324355777384381,-0.0019183073734902762,0.72,-0.18,1.0
9.060223817825317,3,DF,0.09060223817825318,0.0,0.0,0.07847525619762087,0.0003129977857743682,-0.0012020529585761261,0.72,-0.18,1.0
9.060223817825317,3,DF,0.09060223817825318,0.0,0.0,0.08799596011471256,-0.00011927745656518788,-0.010089825886519155,0.72,-0.18,1.0
9.060223817825317,3,DF,0.09060223817825318,0.0,0.0,0.093232148180004,-0.01180975838177083,-0.008680836738692724,0.72,-0.18,1.0
9.060223817825317,3,DF,0.09060223817825318,0.0,0.0,0.08537471629005046,-0.011932447773102654,-0.01029773422085674,0.72,-0.18,1.0
9.060223817825317,3,DF,0.09060223817825318,0.0,0.0,0.09407084973753901,-0.01311497031769369,-0.0017116324938741814,0.72,-0.18,1.0
9.060223817825317,3,DF,0.09060223817825318,0.0,0.0,0.09211498247721474,-0.014941971473664158,-0.003535156838592422,0.72,-0.18,1.0
9.10051679611206,3,DF,0.09100516796112061,0.0,0.0,0.08264961876241798,-0.01933697724430077,-0.00913189007958606,0.72,-0.18,1.0
9.10051679611206,3,DF,0.09100516796112061,0.0,0.0,0.0726954439236434,-0.008810783762936017,-0.010353552744292017,0.72,-0.18,1.0
9.10051679611206,3,DF,0.09100516796112061,0.0,0.0,0.07031448999623302,-0.013093697877948559,-0.0020622477315093094,0.72,-0.18,1.0
9.10051679611206,3,DF,0.09100516796112061,0.0,0.0,0.08049761878600052,-0.011749832308371797,-0.005651277529758307,0.72,-0.18,1.0
9.10051679611206,3,DF,0.09100516796112061,0.0,0.0,0.08957658598561394,-0.009855205149036686,-0.009969860287405681,0.72,-0.18,1.0
9.10051679611206,3,DF,0.09100516796112061,0.0,0.0,0.09212332835843752,-0.012912268980332492,-0.009147247794597517,0.72,-0.18,1.0
9.10051679611206,3,DF,0.09100516796112061,0.0,0.0,0.09756379837399085,-0.0055159022500961075,-0.0044838032018001805,0.72,-0.18,1.0
9.10051679611206,3,DF,0.09100516796112061,0.0,0.0,0.08720945732122011,-0.002953499137542629,-0.004929236684430463,0.72,-0.18,1.0
9.10051679611206,3,DF,0.09100516796112061,0.0,0.0,0.08965946608435145,-0.014310752147708692,-0.002041456904985284,0.72,-0.18,1.0
9.10051679611206,3,DF,0.09100516796112061,0.0,0.0,0.08720829077713853,-0.020920346986019068,-0.004127763930660342,0.72,-0.18,1.0
9.150892972946167,3,DF,0.09150892972946167,0.0,0.0,0.07614158746059081,-0.01868451988458483,-0.005847819866137666,0.72,-0.18,1.0
9.150892972946167,3,DF,0.09150892972946167,0.0,0.0,0.07449275686289025,-0.025050581180226423,-0.008454840645851136,0.72,-0.18,1.0
9.150892972946167,3,DF,0.09150892972946167,0.0,0.0,0.0930275065351561,-0.017342197219803325,-0.005295597542457329,0.72,-0.18,1.0
9.150892972946167,3,DF,0.09150892972946167,0.0,0.0,0.10357895569886898,-0.01577688117408608,-0.008925492147294944,0.72,-0.18,1.0
9.150892972946167,3,DF,0.09150892972946167,0.0,0.0,0.09408905206190966,-0.014463720512389358,-0.012845298060274948,0.72,-0.18,1.0
9.150892972946167,3,DF,0.09150892972946167,0.0,0.0,0.09002955571775123,-0.013487642725068825,-0.009058757270396168,0.72,-0.18,1.0
9.150892972946167,3,DF,0.09150892972946167,0.0,0.0,0.0933393859520479,-0.014698986799400841,-0.010105338367510578,0.72,-0.18,1.0
9.150892972946167,3,DF,0.09150892972946167,0.0,0.0,0.10061342518120961,-0.019408559685117482,-0.004401608302407032,0.72,-0.18,1.0
9.150892972946167,3,DF,0.09150892972946167,0.0,0.0,0.09464762482134523,-0.01306317671926608,-0.003119311723826563,0.72,-0.18,1.0
9.150892972946167,3,DF,0.09150892972946167,0.0,0.0,0.0995654957720096,-0.010901444699398083,-0.0029551175914481753,0.72,-0.18,1.0
9.191184759140015,3,DF,0.09191184759140014,0.0,0.0,0.08727259550263068,-0.012198095846339433,0.0009716037525600963,0.72,-0.18,1.0
9.191184759140015,3,DF,0.09191184759140014,0.0,0.0,0.09531327545632029,-0.010322579693847277,-0.000548444196933946,0.72,-0.18,1.0
9.191184759140015,3,DF,0.09191184759140014,0.0,0.0,0.08442913368343286,-0.015512232175463731,-0.0012729251111588387,0.72,-0.18,1.0
9.191184759140015,3,DF,0.09191184759140014,0.0,0.0,0.08796831066915037,-0.021578735996644515,-0.007226736190151317,0.72,-0.18,1.0
9.191184759140015,3,DF,0.09191184759140014,0.0,0.0,0.08290741080294739,-0.013580972999053512,-0.007808474920428475,0.72,-0.18,1.0
9.191184759140015,3,DF,0.09191184759140014,0.0,0.0,0.08362838327734533,-0.00786301476170469,-0.006949957772532402,0.72,-0.18,1.0
9.191184759140015,3,DF,0.09191184759140014,0.0,0.0,0.08601037143312686,-0.014802795423733025,-0.011007009255624417,0.72,-0.18,1.0
9.191184759140015,3,DF,0.09191184759140014,0.0,0.0,0.0887674035680897,-0.026571593889517194,-0.01842195589105746,0.72,-0.18,1.0
9.191184759140015,3,DF,0.09191184759140014,0.0,0.0,0.0889342134309733,-0.017623434909486417,-0.010998082834511647,0.72,-0.18,1.0
9.191184759140015,3,DF,0.09191184759140014,0.0,0.0,0.08315083838729095,-0.017586420296355685,-0.010240366058975235,0.72,-0.18,1.0
9.231510162353516,3,DF,0.09231510162353516,0.0,0.0,0.08187899549590737,-0.02996256074188777,-0.007145332333774156,0.72,-0.18,1.0
9.231510162353516,3,DF,0.09231510162353516,0.0,0.0,0.08491742215327573,-0.015237275331244669,-0.003176511206868143,0.72,-0.18,1.0
9.231510162353516,3,DF,0.09231510162353516,0.0,0.0,0.08967125350184635,0.0026631879005728073,0.003105392094911206,0.72,-0.18,1.0
9.231510162353516,3,DF,0.09231510162353516,0.0,0.0,0.0873133084311704,-0.019733315464471834,-0.0047771026342297305,0.72,-0.18,1.0
9.231510162353516,3,DF,0.09231510162353516,0.0,0.0,0.08434262705980484,-0.024247035142904588,-0.005215568266077725,0.72,-0.18,1.0
9.231510162353516,3,DF,0.09231510162353516,0.0,0.0,0.09086884301937635,-0.02198386276455364,-0.012848966872104694,0.72,-0.18,1.0
9.231510162353516,3,DF,0.09231510162353516,0.0,0.0,0.09171714736483519,-0.0132211930049849,-0.009010732540928462,0.72,-0.18,1.0
9.231510162353516,3,DF,0.09231510162353516,0.0,0.0,0.08577564868224956,0.0023061668711830065,-0.01173782691303219,0.72,-0.18,1.0
9.231510162353516,3,DF,0.09231510162353516,0.0,0.0,0.08260077493794339,-0.0034686074693920602,-0.0017433060696054553,0.72,-0.18,1.0
9.231510162353516,3,DF,0.09231510162353516,0.0,0.0,0.08133541506906715,0.0021110283099150915,-0.003770437215481757,0.72,-0.18,1.0
9.281880617141724,3,DF,0.09281880617141723,0.0,0.0,0.08133071358325514,-0.006044561755914434,-0.000702551975474537,0.72,-0.18,1.0
9.281880617141724,3,DF,0.09281880617141723,0.0,0.0,0.08141174724844301,-0.013045416270402324,-0.0016433939192719445,0.72,-0.18,1.0
9.281880617141724,3,DF,0.09281880617141723,0.0,0.0,0.07950060233487244,-0.0054391155399016655,0.000688657313775113,0.72,-0.18,1.0
9.281880617141724,3,DF,0.09281880617141723,0.0,0.0,0.08734476625578506,0.002123317281849477,0.007902462085602252,0.72,-0.18,1.0
9.281880617141724,3,DF,0.09281880617141723,0.0,0.0,0.08750456723740842,-0.0008125809445076085,0.004984090478279186,0.72,-0.18,1.0
9.281880617141724,3,DF,0.09281880617141723,0.0,0.0,0.08466301842334606,-0.014914061052231694,0.0072547086636443325,0.72,-0.18,1.0
9.281880617141724,3,DF,0.09281880617141723,0.0,0.0,0.08182461897949436,-0.0059561129538514435,0.0008807721776369429,0.72,-0.18,1.0
9.281880617141724,3,DF,0.09281880617141723,0.0,0.0,0.08896923364203664,-0.012770455097527823,-0.004109742859641796,0.72,-0.18,1.0
9.281880617141724,3,DF,0.09281880617141723,0.0,0.0,0.08842528766585182,-0.006967735629772425,0.0020035603246149505,0.72,-0.18,1.0
9.281880617141724,3,DF,0.09281880617141723,0.0,0.0,0.08637836595236993,0.011479897682512494,-0.010991689083990447,0.72,-0.18,1.0
9.32219123840332,3,DF,0.0932219123840332,0.0,0.0,0.08583489689777926,-0.0007013401650810467,-0.013459711571542628,0.72,-0.18,1.0
9.32219123840332,3,DF,0.0932219123840332,0.0,0.0,0.08611975725360144,-0.002566783243306986,-0.009157283991313662,0.72,-0.18,1.0
9.32219123840332,3,DF,0.0932219123840332,0.0,0.0,0.08862477907583416,-0.0031614087815359576,-0.012061885188540527,0.72,-0.18,1.0
9.32219123840332,3,DF,0.0932219123840332,0.0,0.0,0.08537966252978803,-0.008954340698057906,-0.0170210032454018,0.72,-0.18,1.0
9.32219123840332,3,DF,0.0932219123840332,0.0,0.0,0.0809806226109817,-0.0016198125262439985,-0.015616877794926739,0.72,-0.18,1.0
9.32219123840332,3,DF,0.0932219123840332,0.0,0.0,0.07818545537534093,-0.007975836942741907,-0.017117264589094027,0.72,-0.18,1.0
9.32219123840332,3,DF,0.0932219123840332,0.0,0.0,0.08087434347861563,-0.003076762805150373,-0.014661309161890655,0.72,-0.18,1.0
9.32219123840332,3,DF,0.0932219123840332,0.0,0.0,0.07116852729089923,-0.007331882739158372,-0.010125475057191916,0.72,-0.18,1.0
9.32219123840332,3,DF,0.0932219123840332,0.0,0.0,0.08310147204954377,-0.0038301273630346726,-0.012255428588844498,0.72,-0.18,1.0
9.32219123840332,3,DF,0.0932219123840332,0.0,0.0,0.07707362580407602,-0.005757035890564315,-0.009573184383837854,0.72,-0.18,1.0
9.362491369247437,3,DF,0.09362491369247437,0.0,0.0,0.07438181780448039,-0.012046420197657339,-0.011450575179537112,0.72,-0.18,1.0
9.362491369247437,3,DF,0.09362491369247437,0.0,0.0,0.07277441417075928,-0.010925477351443691,-0.006813339602274469,0.72,-0.18,1.0
9.362491369247437,3,DF,0.09362491369247437,0.0,0.0,0.07905471142412605,0.0019339832498099384,-0.010243985431940156,0.72,-0.18,1.0
9.362491369247437,3,DF,0.09362491369247437,0.0,0.0,0.08321534629202089,-0.004778305123965117,-0.00954214348009904,0.72,-0.18,1.0
9.362491369247437,3,DF,0.09362491369247437,0.0,0.0,0.07951488888225411,-0.011612472213336925,-0.012723041970643572,0.72,-0.18,1.0
9.362491369247437,3,DF,0.09362491369247437,0.0,0.0,0.08240741734743988,-0.010434354103493077,-0.010185689433057293,0.72,-0.18,1.0
9.362491369247437,3,DF,0.09362491369247437,0.0,0.0,0.08490081213400917,-0.01152575892588576,-0.006811201606400518,0.72,-0.18,1.0
9.362491369247437,3,DF,0.09362491369247437,0.0,0.0,0.08441093115741721,-0.011411817727638874,-0.005166141456237248,0.72,-0.18,1.0
9.362491369247437,3,DF,0.09362491369247437,0.0,0.0,0.09117866477219631,-0.0059796873241854025,0.0003151725367493206,0.72,-0.18,1.0
9.362491369247437,3,DF,0.09362491369247437,0.0,0.0,0.09857273929765506,-0.01096697764785585,-0.0018015262517317916,0.72,-0.18,1.0
9.402787446975708,3,DF,0.09402787446975708,0.0,0.0,0.10036462546325037,-0.008244571123902823,-0.004275721264504953,0.72,-0.18,1.0
9.402787446975708,3,DF,0.09402787446975708,0.0,0.0,0.09970393748356249,-0.0043235312805354415,-0.009662003349285337,0.72,-0.18,1.0
9.402787446975708,3,DF,0.09402787446975708,0.0,0.0,0.09843611456952499,-0.0014783151941530073,-0.02041438688631154,0.72,-0.18,1.0
9.402787446975708,3,DF,0.09402787446975708,0.0,0.0,0.09532785940184237,-0.009033233921868467,-0.013153573239436755,0.72,-0.18,1.0
9.402787446975708,3,DF,0.09402787446975708,0.0,0.0,0.0903345397343099,-0.012992657564003748,-0.014348764959815003,0.72,-0.18,1.0
9.402787446975708,3,DF,0.09402787446975708,0.0,0.0,0.09317631849003083,-0.009908671606705735,-0.00932387166598946,0.72,-0.18,1.0
9.402787446975708,3,DF,0.09402787446975708,0.0,0.0,0.10150956342010013,-0.018345742516815,-0.013438090616145027,0.72,-0.18,1.0
9.402787446975708,3,DF,0.09402787446975708,0.0,0.0,0.09227804762581716,-0.02624086618995653,-0.01820686690802729,0.72,-0.18,1.0
9.402787446975708,3,DF,0.09402787446975708,0.0,0.0,0.10069253081493428,-0.02541226139805043,-0.019735403594022996,0.72,-0.18,1.0
9.453178644180298,3,DF,0.09453178644180298,0.0,0.0,0.09047970120387637,-0.014823229614299436,-0.0178893701599727,0.72,-0.18,1.0
9.453178644180298,3,DF,0.09453178644180298,0.0,0.0,0.09357849605178507,-0.013624346750289775,-0.01387548978765463,0.72,-0.18,1.0
9.453178644180298,3,DF,0.09453178644180298,0.0,0.0,0.10022801294663941,-0.005347800292830636,-0.00844095592753297,0.72,-0.18,1.0
9.453178644180298,3,DF,0.09453178644180298,0.0,0.0,0.09052127091926518,-0.015444141481392212,-0.0033730384983674875,0.72,-0.18,1.0
9.453178644180298,3,DF,0.09453178644180298,0.0,0.0,0.10135434320173368,-0.01769732045870609,-0.0019777246210976418,0.72,-0.18,1.0
9.453178644180298,3,DF,0.09453178644180298,0.0,0.0,0.09969774607860964,-0.00944317932867046,-0.005109486579635028,0.72,-0.18,1.0
9.453178644180298,3,DF,0.09453178644180298,0.0,0.0,0.09590559284101975,-0.0045034895626311165,-0.004303255040921935,0.72,-0.18,1.0
9.453178644180298,3,DF,0.09453178644180298,0.0,0.0,0.09544080857643039,-0.012930784760991812,-0.006962501805938122,0.72,-0.18,1.0
9.453178644180298,3,DF,0.09453178644180298,0.0,0.0,0.09957275134283695,-0.008534787414753513,-0.006689097984209112,0.72,-0.18,1.0
9.453178644180298,3,DF,0.09453178644180298,0.0,0.0,0.09360038325712235,-0.02185893915632078,-0.0006409613016983503,0.72,-0.18,1.0
9.493476629257202,3,DF,0.09493476629257203,0.0,0.0,0.08943998784360264,-0.006805794791064777,0.002483425786321044,0.72,-0.18,1.0
9.493476629257202,3,DF,0.09493476629257203,0.0,0.0,0.08372501683353852,0.004433516371271789,0.0036202254463015564,0.72,-0.18,1.0
9.493476629257202,3,DF,0.09493476629257203,0.0,0.0,0.08630127810913807,-0.001571564055358491,0.0038744646636933613,0.72,-0.18,1.0
9.493476629257202,3,DF,0.09493476629257203,0.0,0.0,0.08748352913443942,-0.005938024011707097,-0.0026819413640832832,0.72,-0.18,1.0
9.493476629257202,3,DF,0.09493476629257203,0.0,0.0,0.08633123736286531,-0.014271722609671833,-0.005936473133762364,0.72,-0.18,1.0
9.493476629257202,3,DF,0.09493476629257203,0.0,0.0,0.08267510379431549,0.005828518449958565,-0.010669367638039972,0.72,-0.18,1.0
9.493476629257202,3,DF,0.09493476629257203,0.0,0.0,0.08584779653881013,-0.005277438785269657,-0.00840919871945829,0.72,-0.18,1.0
9.493476629257202,3,DF,0.09493476629257203,0.0,0.0,0.08664123942220966,-0.0037002165227015237,-0.0034716352026417725,0.72,-0.18,1.0
9.493476629257202,3,DF,0.09493476629257203,0.0,0.0,0.08575269884939125,-0.008154779689561463,-0.003675459360832641,0.72,-0.18,1.0
9.493476629257202,3,DF,0.09493476629257203,0.0,0.0,0.09176979846618825,-0.016203596522361547,-0.003702739292817326,0.72,-0.18,1.0
9.533788442611694,3,DF,0.09533788442611695,0.0,0.0,0.09988513272923114,-0.0055667039863142006,-0.0006183325199536436,0.72,-0.18,1.0
9.533788442611694,3,DF,0.09533788442611695,0.0,0.0,0.08809717335030401,-0.00852670258930575,-0.008859096120887271,0.72,-0.18,1.0
9.533788442611694,3,DF,0.09533788442611695,0.0,0.0,0.08626094775057379,-0.013442778791537087,-0.012188550105329765,0.72,-0.18,1.0
9.533788442611694,3,DF,0.09533788442611695,0.0,0.0,0.08886806878292598,-0.026549728274780495,-0.0026926633624015078,0.72,-0.18,1.0
9.533788442611694,3,DF,0.09533788442611695,0.0,0.0,0.09103207281727066,-0.01020396290197426,-0.0029952109930982173,0.72,-0.18,1.0
9.533788442611694,3,DF,0.09533788442611695,0.0,0.0,0.08437110360653403,-0.013974242192008383,-0.0027274896992881964,0.72,-0.18,1.0
9.533788442611694,3,DF,0.09533788442611695,0.0,0.0,0.08898634541536864,-0.021682632660952293,0.0020333775496648955,0.72,-0.18,1.0
9.533788442611694,3,DF,0.09533788442611695,0.0,0.0,0.08655879473817786,-0.009972582393559797,0.005805996803846934,0.72,-0.18,1.0
9.533788442611694,3,DF,0.09533788442611695,0.0,0.0,0.0879986190996018,-0.01082443240280833,0.0034056515189041154,0.72,-0.18,1.0
9.533788442611694,3,DF,0.09533788442611695,0.0,0.0,0.09238804718375573,-0.013930150056665818,-0.0012079722519429102,0.72,-0.18,1.0
9.574084281921387,3,DF,0.09574084281921387,0.0,0.0,0.0932428287640678,-0.008942546243889607,-0.005454705353861278,0.72,-0.18,1.0
9.574084281921387,3,DF,0.09574084281921387,0.0,0.0,0.08905142850653275,0.005347344400200163,-0.0026338923983441798,0.72,-0.18,1.0
9.574084281921387,3,DF,0.09574084281921387,0.0,0.0,0.084883158707872,0.0014148587701665431,-0.005019581375447041,0.72,-0.18,1.0
9.574084281921387,3,DF,0.09574084281921387,0.0,0.0,0.0890564809201932,-0.002027499759178524,-0.003419261369789588,0.72,-0.18,1.0
9.574084281921387,3,DF,0.09574084281921387,0.0,0.0,0.10244288452718026,-0.0034523230875810646,0.0008378348769012506,0.72,-0.18,1.0
9.574084281921387,3,DF,0.09574084281921387,0.0,0.0,0.09924755772057002,-0.005455514595407754,5.527843145347022e-05,0.72,-0.18,1.0
9.574084281921387,3,DF,0.09574084281921387,0.0,0.0,0.09708184204549725,0.00461370993526467,-0.010350846143459843,0.72,-0.18,1.0
9.574084281921387,3,DF,0.09574084281921387,0.0,0.0,0.1021897178344,-0.00379446732731808,-0.012021729264193896,0.72,-0.18,1.0
9.574084281921387,3,DF,0.09574084281921387,0.0,0.0,0.09419757005725676,-0.001149790638006841,-0.01541022225696427,0.72,-0.18,1.0
9.574084281921387,3,DF,0.09574084281921387,0.0,0.0,0.09274096403665849,-0.004839946197427805,-0.013246723515808584,0.72,-0.18,1.0
9.624492168426514,3,DF,0.09624492168426514,0.0,0.0,0.09637182006016319,-0.009625272781677862,-0.008065937254348038,0.72,-0.18,1.0
9.624492168426514,3,DF,0.09624492168426514,0.0,0.0,0.09816154598384498,0.0016070645583986453,-0.011903013762665948,0.72,-0.18,1.0
9.624492168426514,3,DF,0.09624492168426514,0.0,0.0,0.0989757506764569,-0.017293914980772426,-0.013863434787798432,0.72,-0.18,1.0
9.624492168426514,3,DF,0.09624492168426514,0.0,0.0,0.09361070723431461,-0.02182519221039454,-0.010018567135306368,0.72,-0.18,1.0
9.624492168426514,3,DF,0.09624492168426514,0.0,0.0,0.08388474807072625,-0.017017820172703108,-0.0070676908546570116,0.72,-0.18,1.0
9.624492168426514,3,DF,0.09624492168426514,0.0,0.0,0.08757320138666755,-0.024954987703358394,-0.0029803931259838523,0.72,-0.18,1.0
9.624492168426514,3,DF,0.09624492168426514,0.0,0.0,0.08617196878084696,-0.022403892600788244,0.0032064929924334458,0.72,-0.18,1.0
9.624492168426514,3,DF,0.09624492168426514,0.0,0.0,0.08904375901894174,-0.012053149897167987,-0.0006574911961766079,0.72,-0.18,1.0
9.624492168426514,3,DF,0.09624492168426514,0.0,0.0,0.09419424510784324,-0.011574872849961192,-0.0012799494186797515,0.72,-0.18,1.0
9.624492168426514,3,DF,0.09624492168426514,0.0,0.0,0.09573103846556878,-0.008388589241506901,-0.003823121625937483,0.72,-0.18,1.0
9.664790391921997,3,DF,0.09664790391921997,0.0,0.0,0.09310409930253269,-0.018222388574843918,-0.008613914591448068,0.72,-0.18,1.0
9.664790391921997,3,DF,0.09664790391921997,0.0,0.0,0.08759304377981561,-0.010467819651477939,-0.005549179164163169,0.72,-0.18,1.0
9.664790391921997,3,DF,0.09664790391921997,0.0,0.0,0.0947797443520832,-0.009102575746317341,-0.0005178613191277159,0.72,-0.18,1.0
9.664790391921997,3,DF,0.09664790391921997,0.0,0.0,0.10322023685895834,-0.01684005709001594,-0.004955283658734516,0.72,-0.18,1.0
9.664790391921997,3,DF,0.09664790391921997,0.0,0.0,0.09181681706468355,-0.0051986757252196905,0.0023739868256776007,0.72,-0.18,1.0
9.664790391921997,3,DF,0.09664790391921997,0.0,0.0,0.08522480605871886,-0.0013639770016497155,0.006746205374510075,0.72,-0.18,1.0
9.664790391921997,3,DF,0.09664790391921997,0.0,0.0,0.08251140145648654,-0.00843049218171956,0.0029067732853011066,0.72,-0.18,1.0
9.664790391921997,3,DF,0.09664790391921997,0.0,0.0,0.08542788189792631,-0.006629433883926108,0.001921254103857912,0.72,-0.18,1.0
9.664790391921997,3,DF,0.09664790391921997,0.0,0.0,0.08391759706334391,-0.017431302428508873,-0.004859557806135087,0.72,-0.18,1.0
9.664790391921997,3,DF,0.09664790391921997,0.0,0.0,0.09068231820840235,-0.01624209118320333,-0.0041648245163446364,0.72,-0.18,1.0
9.705087423324585,3,DF,0.09705087423324585,0.0,0.0,0.09092404026471908,-0.018285462942625053,-0.010595164583655678,0.72,-0.18,1.0
9.705087423324585,3,DF,0.09705087423324585,0.0,0.0,0.09669156992544298,-0.02566016255130215,-0.005715413842173143,0.72,-0.18,1.0
9.705087423324585,3,DF,0.09705087423324585,0.0,0.0,0.08800592812687158,-0.020247749261134006,-0.011231604723561923,0.72,-0.18,1.0
9.705087423324585,3,DF,0.09705087423324585,0.0,0.0,0.09834214593990526,-0.0017871828005605495,-0.01635273074544755,0.72,-0.18,1.0
9.705087423324585,3,DF,0.09705087423324585,0.0,0.0,0.10792801561613963,-0.011342873836839419,-0.012231958707885985,0.72,-0.18,1.0
9.705087423324585,3,DF,0.09705087423324585,0.0,0.0,0.09564878249795393,-0.008388654301307698,-0.008780242940413983,0.72,-0.18,1.0
9.705087423324585,3,DF,0.09705087423324585,0.0,0.0,0.09237178137140001,-0.006539553216560945,-0.003303167871359967,0.72,-0.18,1.0
9.705087423324585,3,DF,0.09705087423324585,0.0,0.0,0.08152956726905215,0.001664855081145941,0.0018559146712679444,0.72,-0.18,1.0
9.705087423324585,3,DF,0.09705087423324585,0.0,0.0,0.09142645081562459,-0.0077953827552767144,0.004483731322169855,0.72,-0.18,1.0
9.705087423324585,3,DF,0.09705087423324585,0.0,0.0,0.09988386819525011,-0.00030447722872178017,0.004861655114585624,0.72,-0.18,1.0
9.755475044250488,3,DF,0.09755475044250489,0.0,0.0,0.08867256017664736,-0.006742110089211842,0.001032337679995703,0.72,-0.18,1.0
9.755475044250488,3,DF,0.09755475044250489,0.0,0.0,0.08409073572814456,-0.006206559893809981,-0.00016610269454901504,0.72,-0.18,1.0
9.755475044250488,3,DF,0.09755475044250489,0.0,0.0,0.09781570975011625,0.006239750042745671,0.0040767762707712455,0.72,-0.18,1.0
9.755475044250488,3,DF,0.09755475044250489,0.0,0.0,0.08130657931181498,-0.01164113308866144,0.008700390233352173,0.72,-0.18,1.0
9.755475044250488,3,DF,0.09755475044250489,0.0,0.0,0.09008259447541572,-0.012857978902365187,0.004777158241337247,0.72,-0.18,1.0
9.755475044250488,3,DF,0.09755475044250489,0.0,0.0,0.09190302467240638,-0.017083404573461167,-0.0016844364500867772,0.72,-0.18,1.0
9.755475044250488,3,DF,0.09755475044250489,0.0,0.0,0.08482763293051152,-0.018542281263948756,-0.0033421601587533645,0.72,-0.18,1.0
9.755475044250488,3,DF,0.09755475044250489,0.0,0.0,0.0813757665744919,-0.016679799392326083,-0.0075996358188707615,0.72,-0.18,1.0
9.755475044250488,3,DF,0.09755475044250489,0.0,0.0,0.09775266397929495,-0.008216599107828718,-0.006169860035949524,0.72,-0.18,1.0
9.755475044250488,3,DF,0.09755475044250489,0.0,0.0,0.09700065925455278,-0.009688651541982451,-0.005876319805653237,0.72,-0.18,1.0
9.795771360397339,3,DF,0.09795771360397339,0.0,0.0,0.08287166767747937,-0.009075657402060223,0.000720021254256171,0.72,-0.18,1.0
9.795771360397339,3,DF,0.09795771360397339,0.0,0.0,0.0886069693232333,0.0010163442315800249,-0.008782746342444801,0.72,-0.18,1.0
9.795771360397339,3,DF,0.09795771360397339,0.0,0.0,0.09571748366706188,-0.007692137547005246,-0.011882086276840544,0.72,-0.18,1.0
9.795771360397339,3,DF,0.09795771360397339,0.0,0.0,0.09481081340860448,-0.011219594274876721,-0.012118511295813001,0.72,-0.18,1.0
9.795771360397339,3,DF,0.09795771360397339,0.0,0.0,0.08615886980968314,-0.015028236413506391,-0.011506562274336368,0.72,-0.18,1.0
9.795771360397339,3,DF,0.09795771360397339,0.0,0.0,0.08493369838643908,-0.011633795117656814,-0.014686186567987173,0.72,-0.18,1.0
9.795771360397339,3,DF,0.09795771360397339,0.0,0.0,0.08323703677444275,-0.01828262092493527,-0.016053087246521512,0.72,-0.18,1.0
9.795771360397339,3,DF,0.09795771360397339,0.0,0.0,0.09765832263451557,-0.01936979514949387,-0.011331116792071282,0.72,-0.18,1.0
9.795771360397339,3,DF,0.09795771360397339,0.0,0.0,0.10197195077729813,-0.011316888483993046,-0.00853253369077782,0.72,-0.18,1.0
9.795771360397339,3,DF,0.09795771360397339,0.0,0.0,0.1016754474985703,-0.01575653539167379,0.003059438087663389,0.72,-0.18,1.0
9.836087703704834,3,DF,0.09836087703704834,0.0,0.0,0.09925514481733896,-0.014777023984778329,0.006219123903034379,0.72,-0.18,1.0
9.836087703704834,3,DF,0.09836087703704834,0.0,0.0,0.09973694811742716,-0.02468750943128601,0.005808506021480467,0.72,-0.18,1.0
9.836087703704834,3,DF,0.09836087703704834,0.0,0.0,0.08960793154265288,-5.8320453171824574e-05,-0.0015717207081417418,0.72,-0.18,1.0
9.836087703704834,3,DF,0.09836087703704834,0.0,0.0,0.09286153453853582,-0.0007210722099754871,-0.0005566225342660901,0.72,-0.18,1.0
9.836087703704834,3,DF,0.09836087703704834,0.0,0.0,0.09182147124979198,-0.0011683325614155503,-0.0035933998761328127,0.72,-0.18,1.0
9.836087703704834,3,DF,0.09836087703704834,0.0,0.0,0.08585903585292372,0.007936357027818242,0.004952512404930863,0.72,-0.18,1.0
9.836087703704834,3,DF,0.09836087703704834,0.0,0.0,0.08645562717169179,-0.0090223279305309,0.0006897994879992796,0.72,-0.18,1.0
9.836087703704834,3,DF,0.09836087703704834,0.0,0.0,0.09211656732274541,-0.013214268890119271,0.0005765031925427857,0.72,-0.18,1.0
9.836087703704834,3,DF,0.09836087703704834,0.0,0.0,0.09240269569007821,-0.006028011186768936,-0.003998517173369421,0.72,-0.18,1.0
9.836087703704834,3,DF,0.09836087703704834,0.0,0.0,0.09594298959260672,-0.018325932911208088,-0.005695308125779207,0.72,-0.18,1.0
9.876387119293213,3,DF,0.09876387119293213,0.0,0.0,0.09847003680597852,-0.004659049868849459,-0.010951002553379762,0.72,-0.18,1.0
9.876387119293213,3,DF,0.09876387119293213,0.0,0.0,0.0924579518171136,-0.0074878915340530336,0.0007346748315148106,0.72,-0.18,1.0
9.876387119293213,3,DF,0.09876387119293213,0.0,0.0,0.08953443586194194,0.0008697400659757028,0.008110386348552082,0.72,-0.18,1.0
9.876387119293213,3,DF,0.09876387119293213,0.0,0.0,0.08838851925939765,-0.012080279860960367,0.0004035306144535726,0.72,-0.18,1.0
9.876387119293213,3,DF,0.09876387119293213,0.0,0.0,0.07994926920977616,-0.009240512108734437,0.0016748313590837758,0.72,-0.18,1.0
9.876387119293213,3,DF,0.09876387119293213,0.0,0.0,0.10312571046635732,-0.003389915437757505,0.0054951742851652614,0.72,-0.18,1.0
9.876387119293213,3,DF,0.09876387119293213,0.0,0.0,0.10624069669477906,-0.010327736147271905,0.00023682477992188143,0.72,-0.18,1.0
9.876387119293213,3,DF,0.09876387119293213,0.0,0.0,0.11029998071019728,-0.012617432910993896,-0.004182720858011264,0.72,-0.18,1.0
9.876387119293213,3,DF,0.09876387119293213,0.0,0.0,0.10542886292057854,-0.017345487872940178,-0.0048841601618750735,0.72,-0.18,1.0
9.876387119293213,3,DF,0.09876387119293213,0.0,0.0,0.09944319185217229,-0.01714442302631053,-0.006691399700901857,0.72,-0.18,1.0
9.926766872406006,3,DF,0.09926766872406007,0.0,0.0,0.0936717891555807,-0.006063357430658793,0.00220057332268026,0.72,-0.18,1.0
9.926766872406006,3,DF,0.09926766872406007,0.0,0.0,0.0988798701548108,-0.014553017743633323,-0.006551048503776203,0.72,-0.18,1.0
9.926766872406006,3,DF,0.09926766872406007,0.0,0.0,0.09754363424751902,-0.00043566207865644525,0.007180148497919428,0.72,-0.18,1.0
9.926766872406006,3,DF,0.09926766872406007,0.0,0.0,0.09871307385507265,-0.004179017765901388,-0.0050212916794966775,0.72,-0.18,1.0
9.926766872406006,3,DF,0.09926766872406007,0.0,0.0,0.10521512970461482,-0.0006927820818586714,-0.007988157480195336,0.72,-0.18,1.0
9.926766872406006,3,DF,0.09926766872406007,0.0,0.0,0.10451288690401589,-0.008736673679772178,-0.011725611783691045,0.72,-0.18,1.0
9.926766872406006,3,DF,0.09926766872406007,0.0,0.0,0.10546581232145598,-0.009451966343569741,-0.009437957515047531,0.72,-0.18,1.0
9.926766872406006,3,DF,0.09926766872406007,0.0,0.0,0.09647332442641696,-0.011907605197669414,-0.006673919849570544,0.72,-0.18,1.0
9.926766872406006,3,DF,0.09926766872406007,0.0,0.0,0.08371587455773473,-0.011120208634597149,-0.009754283731666149,0.72,-0.18,1.0
9.967058181762695,3,DF,0.09967058181762696,0.0,0.0,0.08528967208586699,-0.013310284354991618,-0.011502055370488462,0.72,-0.18,1.0
9.967058181762695,3,DF,0.09967058181762696,0.0,0.0,0.083735468892007,-0.022806109017685868,-0.013673228928064765,0.72,-0.18,1.0
9.967058181762695,3,DF,0.09967058181762696,0.0,0.0,0.09109207020393359,-0.028528782777704157,-0.014438749686815966,0.72,-0.18,1.0
9.967058181762695,3,DF,0.09967058181762696,0.0,0.0,0.09025304334462095,-0.01864542129886269,-0.011082312390308602,0.72,-0.18,1.0
9.967058181762695,3,DF,0.09967058181762696,0.0,0.0,0.08966910435201095,-0.026058689699241945,-0.015327116542685482,0.72,-0.18,1.0
9.967058181762695,3,DF,0.09967058181762696,0.0,0.0,0.09115619438778554,-0.019911350063007816,-0.008968871033952249,0.72,-0.18,1.0
9.967058181762695,3,DF,0.09967058181762696,0.0,0.0,0.09450480234834532,-0.012609353409994334,0.002544085863868347,0.72,-0.18,1.0
9.967058181762695,3,DF,0.09967058181762696,0.0,0.0,0.09421434461786235,-0.010252070993312278,-0.003760062759756702,0.72,-0.18,1.0
9.967058181762695,3,DF,0.09967058181762696,0.0,0.0,0.10338356563873236,-0.017310365376050917,-0.011935347030492665,0.72,-0.18,1.0
9.967058181762695,3,DF,0.09967058181762696,0.0,0.0,0.1019688524929367,-0.0034552363905141674,-0.006387837829059804,0.72,-0.18,1.0
10.00735092163086,3,DF,0.1000735092163086,0.0,0.0,0.10923548560294125,-0.003175706956032708,-0.01433976154067555,0.72,-0.18,1.0
10.00735092163086,3,DF,0.1000735092163086,0.0,0.0,0.10610380027908292,0.008572991590125334,-0.02147637611185696,0.72,-0.18,1.0
10.00735092163086,3,DF,0.1000735092163086,0.0,0.0,0.09164630299078051,-0.015571717781731383,-0.022829940659051497,0.72,-0.18,1.0
10.00735092163086,3,DF,0.1000735092163086,0.0,0.0,0.08409404081746552,-0.005884358942444343,-0.019493573610151974,0.72,-0.18,1.0
10.00735092163086,3,DF,0.1000735092163086,0.0,0.0,0.09352599156496395,-0.018785250287464476,-0.01706859118521843,0.72,-0.18,1.0
10.00735092163086,3,DF,0.1000735092163086,0.0,0.0,0.09557863204614946,-0.020586518110193422,-0.019986135917382304,0.72,-0.18,1.0
10.00735092163086,3,DF,0.1000735092163086,0.0,0.0,0.10035420793138461,-0.01803964710755489,-0.005370993469293867,0.72,-0.18,1.0
10.00735092163086,3,DF,0.1000735092163086,0.0,0.0,0.08772226780772897,-0.007325342268535201,-0.008386810543220324,0.72,-0.18,1.0
10.00735092163086,3,DF,0.1000735092163086,0.0,0.0,0.09196242698040002,-0.005713924786010332,-0.009040279045497932,0.72,-0.18,1.0
10.00735092163086,3,DF,0.1000735092163086,0.0,0.0,0.09017325676800093,-0.0043948707421859684,-0.005387527679913953,0.72,-0.18,1.0
10.0476655960083,3,DF,0.10047665596008301,0.0,0.0,0.09341373199480149,-0.0035524503401776213,-0.004944622781942395,0.72,-0.18,1.0
10.0476655960083,3,DF,0.10047665596008301,0.0,0.0,0.09054104379073916,-0.0028474280632527107,-0.013286979135288047,0.72,-0.18,1.0
10.0476655960083,3,DF,0.10047665596008301,0.0,0.0,0.08066492399129939,-0.0001033470801903051,-0.012820554940047569,0.72,-0.18,1.0
10.0476655960083,3,DF,0.10047665596008301,0.0,0.0,0.09083163829517103,-0.009909318058864835,-0.015638511651144268,0.72,-0.18,1.0
10.0476655960083,3,DF,0.10047665596008301,0.0,0.0,0.09202562432122663,0.008452538881230643,-0.006449450741160898,0.72,-0.18,1.0
10.0476655960083,3,DF,0.10047665596008301,0.0,0.0,0.09945125425101096,0.0052458335969760425,-0.0055834721492052436,0.72,-0.18,1.0
10.0476655960083,3,DF,0.10047665596008301,0.0,0.0,0.09826769687920565,0.004714853497624234,-0.004687092284863526,0.72,-0.18,1.0
10.0476655960083,3,DF,0.10047665596008301,0.0,0.0,0.1019440687241351,-0.004181108124800598,-0.007483728289645454,0.72,-0.18,1.0
10.0476655960083,3,DF,0.10047665596008301,0.0,0.0,0.10121462806646073,0.004770574666340716,-0.00768388085711588,0.72,-0.18,1.0
10.0476655960083,3,DF,0.10047665596008301,0.0,0.0,0.10826836878212295,-0.011457624002125511,-0.009968396244575345,0.72,-0.18,1.0
10.09803056716919,3,DF,0.1009803056716919,0.0,0.0,0.10788521932821978,-0.007007842880980986,-0.007856148897285373,0.72,-0.18,1.0
10.09803056716919,3,DF,0.1009803056716919,0.0,0.0,0.10150275231526819,-0.019977358249740115,-0.015780744265851222,0.72,-0.18,1.0
10.09803056716919,3,DF,0.1009803056716919,0.0,0.0,0.09743044399864356,-0.034001720845557866,-0.006809038985330809,0.72,-0.18,1.0
10.09803056716919,3,DF,0.1009803056716919,0.0,0.0,0.093785023911685,-0.01858505192039337,-0.011556702296263089,0.72,-0.18,1.0
10.09803056716919,3,DF,0.1009803056716919,0.0,0.0,0.09777147968056753,-0.03202801564367733,-0.006773934608701966,0.72,-0.18,1.0
10.09803056716919,3,DF,0.1009803056716919,0.0,0.0,0.09086997161187108,-0.020267466833035742,-0.00811244621734191,0.72,-0.18,1.0
10.09803056716919,3,DF,0.1009803056716919,0.0,0.0,0.08740503496410516,-0.007918218501530011,-0.010738644721399867,0.72,-0.18,1.0
10.09803056716919,3,DF,0.1009803056716919,0.0,0.0,0.09101214952473954,-0.011017301638769149,-0.011304283473918292,0.72,-0.18,1.0
10.09803056716919,3,DF,0.1009803056716919,0.0,0.0,0.09334030714292481,-0.015937822317353547,-0.010893721321505151,0.72,-0.18,1.0
10.09803056716919,3,DF,0.1009803056716919,0.0,0.0,0.08971835575268625,0.00024099057823741366,-0.009318245982483845,0.72,-0.18,1.0
10.138345956802368,3,DF,0.10138345956802368,0.0,0.0,0.0885761238206232,-0.01211071066122597,0.005104831938734391,0.72,-0.18,1.0
10.138345956802368,3,DF,0.10138345956802368,0.0,0.0,0.08256542886074526,0.0032347155779687705,-0.0036630362724581144,0.72,-0.18,1.0
10.138345956802368,3,DF,0.10138345956802368,0.0,0.0,0.09671472043223024,-0.020358531312113813,-0.0030647477405944673,0.72,-0.18,1.0
10.138345956802368,3,DF,0.10138345956802368,0.0,0.0,0.09452310087749066,-0.00827539929960617,0.0030841903199970767,0.72,-0.18,1.0
10.138345956802368,3,DF,0.10138345956802368,0.0,0.0,0.09924981138699426,-0.016705745317136568,-0.0029288027377639206,0.72,-0.18,1.0
10.138345956802368,3,DF,0.10138345956802368,0.0,0.0,0.09532160792054714,-0.011817990344637543,-0.0033350797647255974,0.72,-0.18,1.0
10.138345956802368,3,DF,0.10138345956802368,0.0,0.0,0.10926267178714066,-0.011871076015548593,-0.0034451139723126046,0.72,-0.18,1.0
10.138345956802368,3,DF,0.10138345956802368,0.0,0.0,0.10424061832296552,-0.004764941883031604,-0.011205687914286371,0.72,-0.18,1.0
10.138345956802368,3,DF,0.10138345956802368,0.0,0.0,0.10057336422804003,-0.016242670623859385,-0.012978278684644198,0.72,-0.18,1.0
10.138345956802368,3,DF,0.10138345956802368,0.0,0.0,0.10454982833264101,-0.017434384328886592,-0.008708881617192625,0.72,-0.18,1.0
10.178644180297852,3,DF,0.10178644180297852,0.0,0.0,0.09099918988636505,-0.029212620728872506,-0.009025981795829788,0.72,-0.18,1.0
10.178644180297852,3,DF,0.10178644180297852,0.0,0.0,0.09085037600420488,-0.017225127990960605,-0.01509987948500454,0.72,-0.18,1.0
10.178644180297852,3,DF,0.10178644180297852,0.0,0.0,0.0969637523964543,-0.01629599708179727,-0.006992401457699536,0.72,-0.18,1.0
10.178644180297852,3,DF,0.10178644180297852,0.0,0.0,0.09245793763175231,-0.02668049123686712,-0.0059455235200088,0.72,-0.18,1.0
10.178644180297852,3,DF,0.10178644180297852,0.0,0.0,0.08811491912366934,-0.014068367978049882,-0.006542634006136742,0.72,-0.18,1.0
10.178644180297852,3,DF,0.10178644180297852,0.0,0.0,0.09457158058981512,-0.020751217105669403,-0.0008093333442526423,0.72,-0.18,1.0
10.178644180297852,3,DF,0.10178644180297852,0.0,0.0,0.1004232324398463,-0.009213069136156977,-0.0029781096895031603,0.72,-0.18,1.0
10.178644180297852,3,DF,0.10178644180297852,0.0,0.0,0.08591144680414943,-0.021014964291263795,0.002499358994703103,0.72,-0.18,1.0
10.178644180297852,3,DF,0.10178644180297852,0.0,0.0,0.08298668430950547,-0.011625622815756811,-0.00273051715051741,0.72,-0.18,1.0
10.178644180297852,3,DF,0.10178644180297852,0.0,0.0,0.09275174921749259,-0.008124795629074293,0.0041204668432547106,0.72,-0.18,1.0
10.229049444198608,3,DF,0.10229049444198608,0.0,0.0,0.09792887790620278,-0.016494938948751092,-0.003674749362455309,0.72,-0.18,1.0
10.229049444198608,3,DF,0.10229049444198608,0.0,0.0,0.0865651852271342,-0.015010417307064362,-0.009472141549702918,0.72,-0.18,1.0
10.229049444198608,3,DF,0.10229049444198608,0.0,0.0,0.08818033001974712,-0.005909334547253356,-0.000375872410301096,0.72,-0.18,1.0
10.229049444198608,3,DF,0.10229049444198608,0.0,0.0,0.08883991401934885,-0.004874507352780948,-0.008737914402086102,0.72,-0.18,1.0
10.229049444198608,3,DF,0.10229049444198608,0.0,0.0,0.08853376818930941,-0.0058704206601576945,-0.0077986237604892395,0.72,-0.18,1.0
10.229049444198608,3,DF,0.10229049444198608,0.0,0.0,0.09050328311899766,0.009345373546513111,-0.017555329504471112,0.72,-0.18,1.0
10.229049444198608,3,DF,0.10229049444198608,0.0,0.0,0.09298298887424068,-0.021746284517645566,-0.012131879191627833,0.72,-0.18,1.0
10.229049444198608,3,DF,0.10229049444198608,0.0,0.0,0.0967877386280635,-0.01049324845706102,-0.01134357477944959,0.72,-0.18,1.0
10.229049444198608,3,DF,0.10229049444198608,0.0,0.0,0.10128269212712972,-0.006244588420835378,-0.013643631049504537,0.72,-0.18,1.0
10.229049444198608,3,DF,0.10229049444198608,0.0,0.0,0.09278436873193,-0.017661562362321116,-0.00954268637125397,0.72,-0.18,1.0
10.26937484741211,3,DF,0.10269374847412109,0.0,0.0,0.09658238656751937,-0.014275953373118254,-0.013394187370185422,0.72,-0.18,1.0
10.26937484741211,3,DF,0.10269374847412109,0.0,0.0,0.10074998401738489,-0.007410775802377533,-0.012934119912484247,0.72,-0.18,1.0
10.26937484741211,3,DF,0.10269374847412109,0.0,0.0,0.10626667143540422,-0.014710367448930246,-0.014773951833728786,0.72,-0.18,1.0
10.26937484741211,3,DF,0.10269374847412109,0.0,0.0,0.10345612540277399,-0.01848858744190248,-0.011914656158417566,0.72,-0.18,1.0
10.26937484741211,3,DF,0.10269374847412109,0.0,0.0,0.10834767633746743,-0.017675097014784813,-0.008980474590495186,0.72,-0.18,1.0
10.26937484741211,3,DF,0.10269374847412109,0.0,0.0,0.10230415416582907,-0.021274556350533592,-0.0026555961081552,0.72,-0.18,1.0
10.26937484741211,3,DF,0.10269374847412109,0.0,0.0,0.10549944270295984,-0.027489100553180882,-0.01129768421238353,0.72,-0.18,1.0
10.26937484741211,3,DF,0.10269374847412109,0.0,0.0,0.10022888643572248,-0.023087101146570945,-0.0027410667291800773,0.72,-0.18,1.0
10.26937484741211,3,DF,0.10269374847412109,0.0,0.0,0.11142645174556406,-0.017439200280780023,0.001088545415347842,0.72,-0.18,1.0
10.26937484741211,3,DF,0.10269374847412109,0.0,0.0,0.11669127638007752,-0.017453435737826754,-0.0022192086245745465,0.72,-0.18,1.0
10.309709548950195,3,DF,0.10309709548950195,0.0,0.0,0.10736079849092632,-0.012812886193479112,-0.005699481675077254,0.72,-0.18,1.0
10.309709548950195,3,DF,0.10309709548950195,0.0,0.0,0.09677023061410095,-0.028682004616587577,-0.00387331691697756,0.72,-0.18,1.0
10.309709548950195,3,DF,0.10309709548950195,0.0,0.0,0.09914106251185113,-0.022991712564485702,-0.004322051067077529,0.72,-0.18,1.0
10.309709548950195,3,DF,0.10309709548950195,0.0,0.0,0.09467464182419123,-0.016477538934247568,-0.007542241636503971,0.72,-0.18,1.0
10.309709548950195,3,DF,0.10309709548950195,0.0,0.0,0.09384159251550077,-0.012413534071761139,-0.006723934722756171,0.72,-0.18,1.0
10.309709548950195,3,DF,0.10309709548950195,0.0,0.0,0.10523946991756793,-0.012756830108242362,-0.007005069314268222,0.72,-0.18,1.0
10.309709548950195,3,DF,0.10309709548950195,0.0,0.0,0.10260863568372539,-0.0020091594445650093,-0.0006316815146749289,0.72,-0.18,1.0
10.309709548950195,3,DF,0.10309709548950195,0.0,0.0,0.10797635377767832,-0.0036977444628250697,-0.006709292286554176,0.72,-0.18,1.0
10.309709548950195,3,DF,0.10309709548950195,0.0,0.0,0.11157452980057353,-0.020569575203249157,-0.011545917137667356,0.72,-0.18,1.0
10.309709548950195,3,DF,0.10309709548950195,0.0,0.0,0.10544161805028401,-0.0005244184971568483,-0.010006230395222334,0.72,-0.18,1.0
10.350002527236938,3,DF,0.10350002527236939,0.0,0.0,0.10027548395235032,0.0020969726044469555,-0.006737222074265554,0.72,-0.18,1.0
10.350002527236938,3,DF,0.10350002527236939,0.0,0.0,0.10226085748184449,-0.009792694142809671,0.008233923966195758,0.72,-0.18,1.0
10.350002527236938,3,DF,0.10350002527236939,0.0,0.0,0.1011159223723348,-0.003578695388961508,-0.0032657291693325057,0.72,-0.18,1.0
10.350002527236938,3,DF,0.10350002527236939,0.0,0.0,0.11152643468430855,0.0013673394759133675,-0.011188918992595054,0.72,-0.18,1.0
10.350002527236938,3,DF,0.10350002527236939,0.0,0.0,0.10822468112134864,0.002741090661594178,-0.012460548020054989,0.72,-0.18,1.0
10.350002527236938,3,DF,0.10350002527236939,0.0,0.0,0.10411751199888757,0.003344151651006182,-0.012972435016085646,0.72,-0.18,1.0
10.350002527236938,3,DF,0.10350002527236939,0.0,0.0,0.09971134321510912,-0.00995462871696698,-0.013533701414798392,0.72,-0.18,1.0
10.350002527236938,3,DF,0.10350002527236939,0.0,0.0,0.09630120632621998,0.0016944349282300578,-0.012901559187998023,0.72,-0.18,1.0
10.350002527236938,3,DF,0.10350002527236939,0.0,0.0,0.09709978220878955,-0.011253687333530396,-0.009775582683486557,0.72,-0.18,1.0
10.350002527236938,3,DF,0.10350002527236939,0.0,0.0,0.0972813019074432,-0.0003163600498060724,-0.009344851293126889,0.72,-0.18,1.0
10.400355100631714,3,DF,0.10400355100631714,0.0,0.0,0.09204136960662689,-0.005257021362171848,-0.010544707914590615,0.72,-0.18,1.0
10.400355100631714,3,DF,0.10400355100631714,0.0,0.0,0.09715910587617345,0.005337990309270751,-0.0035555605834448134,0.72,-0.18,1.0
10.400355100631714,3,DF,0.10400355100631714,0.0,0.0,0.09505037950482699,-0.013340378152862663,-0.004409994527778501,0.72,-0.18,1.0
10.400355100631714,3,DF,0.10400355100631714,0.0,0.0,0.1007149383075417,0.005586282107140755,-0.0117098765566134,0.72,-0.18,1.0
10.400355100631714,3,DF,0.10400355100631714,0.0,0.0,0.09553987533889534,-0.015173979534945257,-0.012108890689967212,0.72,-0.18,1.0
10.400355100631714,3,DF,0.10400355100631714,0.0,0.0,0.10219369710318701,-0.004684623008736787,-0.007858049199937536,0.72,-0.18,1.0
10.400355100631714,3,DF,0.10400355100631714,0.0,0.0,0.09871003862917757,-0.010165467047325275,-0.00037782785869773516,0.72,-0.18,1.0
10.400355100631714,3,DF,0.10400355100631714,0.0,0.0,0.10010880313863402,-0.014111503754360235,0.0013535483785184835,0.72,-0.18,1.0
10.400355100631714,3,DF,0.10400355100631714,0.0,0.0,0.09922772758048617,-0.010991650080063607,0.003875910566397306,0.72,-0.18,1.0
10.400355100631714,3,DF,0.10400355100631714,0.0,0.0,0.08968640404834456,-0.0023278155016204075,0.004995984129132064,0.72,-0.18,1.0
10.440654516220093,3,DF,0.10440654516220094,0.0,0.0,0.0818139725270158,-0.006250845380667726,0.0076660888572795405,0.72,-0.18,1.0
10.440654516220093,3,DF,0.10440654516220094,0.0,0.0,0.08078009216699142,-0.007290907886929227,-0.003634188674395277,0.72,-0.18,1.0
10.440654516220093,3,DF,0.10440654516220094,0.0,0.0,0.10052297973056712,-0.013972621490078904,-0.003745602926689435,0.72,-0.18,1.0
10.440654516220093,3,DF,0.10440654516220094,0.0,0.0,0.09963698793616221,-0.009412614327551904,0.0037406716448820728,0.72,-0.18,1.0
10.440654516220093,3,DF,0.10440654516220094,0.0,0.0,0.09209342802296039,-0.00754131421861852,0.001066514714426357,0.72,-0.18,1.0
10.440654516220093,3,DF,0.10440654516220094,0.0,0.0,0.08787624985446255,-0.02444851627948669,-0.010189232032501027,0.72,-0.18,1.0
10.440654516220093,3,DF,0.10440654516220094,0.0,0.0,0.09378830734945366,-0.01878471508088426,-0.007716995860422938,0.72,-0.18,1.0
10.440654516220093,3,DF,0.10440654516220094,0.0,0.0,0.09936483850965655,-0.014308776598901549,-0.010122992958876233,0.72,-0.18,1.0
10.440654516220093,3,DF,0.10440654516220094,0.0,0.0,0.09913043653334691,-0.024091278104377632,-0.015308253444663945,0.72,-0.18,1.0
10.440654516220093,3,DF,0.10440654516220094,0.0,0.0,0.09285146021338647,-0.016471730693039758,-0.008857935428987641,0.72,-0.18,1.0
10.480933666229248,3,DF,0.10480933666229249,0.0,0.0,0.0931743422372624,-0.0032918302825988947,-0.006204993385091507,0.72,-0.18,1.0
10.480933666229248,3,DF,0.10480933666229249,0.0,0.0,0.09560157714338156,-0.012361133262823941,-0.008885057615081106,0.72,-0.18,1.0
10.480933666229248,3,DF,0.10480933666229249,0.0,0.0,0.09622221543039872,-0.00818480243393157,-0.009148732661912962,0.72,-0.18,1.0
10.480933666229248,3,DF,0.10480933666229249,0.0,0.0,0.0926814054624002,-0.008539634893321432,-0.005106096128040264,0.72,-0.18,1.0
10.480933666229248,3,DF,0.10480933666229249,0.0,0.0,0.09311736692859285,-0.004125837180031886,-0.00919087400567703,0.72,-0.18,1.0
10.480933666229248,3,DF,0.10480933666229249,0.0,0.0,0.10159348578283303,0.00595762988852429,-0.0013066095309833149,0.72,-0.18,1.0
10.480933666229248,3,DF,0.10480933666229249,0.0,0.0,0.10433829723461716,0.004769504574096763,-0.0019975242420907117,0.72,-0.18,1.0
10.480933666229248,3,DF,0.10480933666229249,0.0,0.0,0.09729678849994888,-0.010823060426021824,-0.0022218530074497997,0.72,-0.18,1.0
10.480933666229248,3,DF,0.10480933666229249,0.0,0.0,0.10788834788980162,-0.006744372932664639,-0.013411989912489352,0.72,-0.18,1.0
10.521218061447144,3,DF,0.10521218061447143,0.0,0.0,0.10529531212904611,-0.0015930129078484876,-0.009293949474337102,0.72,-0.18,1.0
10.521218061447144,3,DF,0.10521218061447143,0.0,0.0,0.10273925550860752,-0.012018352287898179,-0.011413499408412032,0.72,-0.18,1.0
10.521218061447144,3,DF,0.10521218061447143,0.0,0.0,0.10483416956825106,-0.014518258148529363,-0.011007770874637179,0.72,-0.18,1.0
10.521218061447144,3,DF,0.10521218061447143,0.0,0.0,0.10496721838394588,-0.022920295194993525,-0.007454980690765862,0.72,-0.18,1.0
10.521218061447144,3,DF,0.10521218061447143,0.0,0.0,0.10161894411261725,-0.0045712696105614965,-0.003855410970069737,0.72,-0.18,1.0
10.521218061447144,3,DF,0.10521218061447143,0.0,0.0,0.0987559526222842,0.010580593621902123,-0.016653099241591852,0.72,-0.18,1.0
10.521218061447144,3,DF,0.10521218061447143,0.0,0.0,0.09826439653159444,-0.011985059279636967,-0.010753205715487725,0.72,-0.18,1.0
10.521218061447144,3,DF,0.10521218061447143,0.0,0.0,0.09229522363428784,-0.015286454837174475,-0.012967576868000178,0.72,-0.18,1.0
10.521218061447144,3,DF,0.10521218061447143,0.0,0.0,0.09408061341142898,-0.0024463739247646814,-0.016335378634249997,0.72,-0.18,1.0
10.521218061447144,3,DF,0.10521218061447143,0.0,0.0,0.10346609488296407,-0.025887353689858176,-0.015814322887976743,0.72,-0.18,1.0
10.571572303771973,3,DF,0.10571572303771973,0.0,0.0,0.10766861899804184,-0.027288560214029298,-0.005451297587388103,0.72,-0.18,1.0
10.571572303771973,3,DF,0.10571572303771973,0.0,0.0,0.10026214800735096,-0.024780258830132924,-0.006093063371835808,0.72,-0.18,1.0
10.571572303771973,3,DF,0.10571572303771973,0.0,0.0,0.10407241478453569,-0.026651744212993447,-0.005828199513656765,0.72,-0.18,1.0
10.571572303771973,3,DF,0.10571572303771973,0.0,0.0,0.10634618103220211,-0.007472234189693205,-0.00787037130935773,0.72,-0.18,1.0
10.571572303771973,3,DF,0.10571572303771973,0.0,0.0,0.10675074013503989,-0.003528538433638282,-0.0033767742717908333,0.72,-0.18,1.0
10.571572303771973,3,DF,0.10571572303771973,0.0,0.0,0.09729988556979226,0.00644648253026574,-0.006096054442521084,0.72,-0.18,1.0
10.571572303771973,3,DF,0.10571572303771973,0.0,0.0,0.10354742049746198,-0.0056048869276187855,-0.0073370896567844434,0.72,-0.18,1.0
10.571572303771973,3,DF,0.10571572303771973,0.0,0.0,0.10153360886360077,-0.001741266731314248,-0.012043015041105026,0.72,-0.18,1.0
10.571572303771973,3,DF,0.10571572303771973,0.0,0.0,0.10289449677443187,-0.014691231228700918,-0.0012378910243300836,0.72,-0.18,1.0
10.571572303771973,3,DF,0.10571572303771973,0.0,0.0,0.10806821428655371,-0.0133013614943522,-0.006981285650957685,0.72,-0.18,1.0
10.611871719360352,3,DF,0.10611871719360352,0.0,0.0,0.10459295028895581,-0.01347798324623343,0.0022743370732352685,0.72,-0.18,1.0
10.611871719360352,3,DF,0.10611871719360352,0.0,0.0,0.09868764483714663,-0.012606041387830705,0.0018356490849893014,0.72,-0.18,1.0
10.611871719360352,3,DF,0.10611871719360352,0.0,0.0,0.10139020115061859,-0.010319648028978196,-0.0036155203109267593,0.72,-0.18,1.0
10.611871719360352,3,DF,0.10611871719360352,0.0,0.0,0.11247620121815334,-0.027094852820218,-0.007255457643905777,0.72,-0.18,1.0
10.611871719360352,3,DF,0.10611871719360352,0.0,0.0,0.10648731245873357,-0.007028873149584918,-0.0041545003767015035,0.72,-0.18,1.0
10.611871719360352,3,DF,0.10611871719360352,0.0,0.0,0.09830633220660524,-0.019753578994809583,0.004964932718302723,0.72,-0.18,1.0
10.611871719360352,3,DF,0.10611871719360352,0.0,0.0,0.10206796773284763,-0.013225752573922845,0.006499242440404294,0.72,-0.18,1.0
10.611871719360352,3,DF,0.10611871719360352,0.0,0.0,0.10590493032192523,-0.00977468104233898,0.0018251648063309558,0.72,-0.18,1.0
10.611871719360352,3,DF,0.10611871719360352,0.0,0.0,0.1101286684007857,-0.025687636580941586,-0.003898912965231093,0.72,-0.18,1.0
10.611871719360352,3,DF,0.10611871719360352,0.0,0.0,0.10892976929350365,-0.00418265018179523,0.004110100790718544,0.72,-0.18,1.0
10.65216326713562,3,DF,0.1065216326713562,0.0,0.0,0.10936278278340514,-0.014176449833990485,0.0023072262886159106,0.72,-0.18,1.0
10.65216326713562,3,DF,0.1065216326713562,0.0,0.0,0.11067347218551046,-0.009094797234265293,-0.003142066259939142,0.72,-0.18,1.0
10.65216326713562,3,DF,0.1065216326713562,0.0,0.0,0.11361752451434769,-0.023852951899222076,-0.012899039047211392,0.72,-0.18,1.0
10.65216326713562,3,DF,0.1065216326713562,0.0,0.0,0.10996523712400301,-0.005923118097169567,-0.007681620113375979,0.72,-0.18,1.0
10.65216326713562,3,DF,0.1065216326713562,0.0,0.0,0.10962744483135381,-0.013758867369416812,-0.017059941017117816,0.72,-0.18,1.0
10.65216326713562,3,DF,0.1065216326713562,0.0,0.0,0.09948900875358549,-0.005706251315307287,-0.012169310906460642,0.72,-0.18,1.0
10.65216326713562,3,DF,0.1065216326713562,0.0,0.0,0.10701906754120406,-0.008691442977581548,-0.01048781206246152,0.72,-0.18,1.0
10.65216326713562,3,DF,0.1065216326713562,0.0,0.0,0.09774098080614828,-0.012207096839919837,-0.008239442269473157,0.72,-0.18,1.0
10.65216326713562,3,DF,0.1065216326713562,0.0,0.0,0.10128877931849257,-0.0104555261710566,-0.00706462712967422,0.72,-0.18,1.0
10.65216326713562,3,DF,0.1065216326713562,0.0,0.0,0.09763936354529394,-0.015777633256307974,-0.011406627327475351,0.72,-0.18,1.0
10.702515840530396,3,DF,0.10702515840530395,0.0,0.0,0.10446106108104777,-0.0030325749612090786,-0.002247334982649641,0.72,-0.18,1.0
10.702515840530396,3,DF,0.10702515840530395,0.0,0.0,0.11288343756148712,0.00128401527204321,0.000984229685674368,0.72,-0.18,1.0
10.702515840530396,3,DF,0.10702515840530395,0.0,0.0,0.10383583065107817,0.0005201944699898775,-0.004891188236649556,0.72,-0.18,1.0
10.702515840530396,3,DF,0.10702515840530395,0.0,0.0,0.09892656107539528,-0.011095903234253636,-9.40561102293998e-05,0.72,-0.18,1.0
10.702515840530396,3,DF,0.10702515840530395,0.0,0.0,0.10453687535677907,-0.00823388041455432,0.00032637612294180953,0.72,-0.18,1.0
10.702515840530396,3,DF,0.10702515840530395,0.0,0.0,0.10751313402937866,-0.009694528318581528,0.00040449992149427385,0.72,-0.18,1.0
10.702515840530396,3,DF,0.10702515840530395,0.0,0.0,0.10709541982006712,-0.003543945153268673,-0.012923961982439612,0.72,-0.18,1.0
10.702515840530396,3,DF,0.10702515840530395,0.0,0.0,0.10060026618543903,-0.010947724149121261,-0.006616098519882445,0.72,-0.18,1.0
10.702515840530396,3,DF,0.10702515840530395,0.0,0.0,0.09414232535138041,-0.012282004518178395,-0.00531412083199159,0.72,-0.18,1.0
10.702515840530396,3,DF,0.10702515840530395,0.0,0.0,0.09604250718153241,0.0034328395954472974,0.0011991744292763648,0.72,-0.18,1.0
10.742802143096924,3,DF,0.10742802143096924,0.0,0.0,0.10187767930574702,0.0004019160216455105,0.0022031629678231223,0.72,-0.18,1.0
10.742802143096924,3,DF,0.10742802143096924,0.0,0.0,0.09780915096518046,-0.008519730584590211,-0.0023652999365756165,0.72,-0.18,1.0
10.742802143096924,3,DF,0.10742802143096924,0.0,0.0,0.10642418388111417,-0.01670880445313954,-0.008592388898604836,0.72,-0.18,1.0
10.742802143096924,3,DF,0.10742802143096924,0.0,0.0,0.1044503358294571,-0.01810969469887575,-0.01064096301459784,0.72,-0.18,1.0
10.742802143096924,3,DF,0.10742802143096924,0.0,0.0,0.11196981025179714,-0.0007352993945905417,0.0007424143293964208,0.72,-0.18,1.0
10.742802143096924,3,DF,0.10742802143096924,0.0,0.0,0.10599455142447309,-0.0030108621767931834,0.004300592055230795,0.72,-0.18,1.0
10.742802143096924,3,DF,0.10742802143096924,0.0,0.0,0.0984236391262174,-0.010189029137546457,-0.0010756834009689902,0.72,-0.18,1.0
10.742802143096924,3,DF,0.10742802143096924,0.0,0.0,0.09077031809898721,-0.016252905100734454,-0.0007757371104923467,0.72,-0.18,1.0
10.742802143096924,3,DF,0.10742802143096924,0.0,0.0,0.09507890977896655,0.0021658453176670134,-0.0025391538425813378,0.72,-0.18,1.0
10.742802143096924,3,DF,0.10742802143096924,0.0,0.0,0.10207147702740085,-0.00940819433768448,-0.0045700367089774995,0.72,-0.18,1.0
10.783085107803345,3,DF,0.10783085107803345,0.0,0.0,0.0918154680489376,-0.011486757199255538,-0.008068512985927933,0.72,-0.18,1.0
10.783085107803345,3,DF,0.10783085107803345,0.0,0.0,0.0883890337353805,-0.011826740490200717,0.0012141964127630092,0.72,-0.18,1.0
10.783085107803345,3,DF,0.10783085107803345,0.0,0.0,0.08871780341874363,-0.012056647303139852,-0.0027513888971349237,0.72,-0.18,1.0
10.783085107803345,3,DF,0.10783085107803345,0.0,0.0,0.09316119698466835,-0.01798216170741417,-0.0031134877079965944,0.72,-0.18,1.0
10.783085107803345,3,DF,0.10783085107803345,0.0,0.0,0.09697914139169124,0.0003688529209658085,0.0050757189093084045,0.72,-0.18,1.0
10.783085107803345,3,DF,0.10783085107803345,0.0,0.0,0.09738747057822943,-0.007754227121800844,-0.0002176651672197927,0.72,-0.18,1.0
10.783085107803345,3,DF,0.10783085107803345,0.0,0.0,0.10305754318367295,-0.012002014951067912,0.00035622626185037213,0.72,-0.18,1.0
10.783085107803345,3,DF,0.10783085107803345,0.0,0.0,0.10489939326552213,0.006969137007297966,-0.011995232096577059,0.72,-0.18,1.0
10.783085107803345,3,DF,0.10783085107803345,0.0,0.0,0.09903274794128508,-0.012752001402266698,0.0008621336415231423,0.72,-0.18,1.0
10.783085107803345,3,DF,0.10783085107803345,0.0,0.0,0.10314067951233827,-0.006086895899195253,-0.0021996766984417756,0.72,-0.18,1.0
10.823376655578613,3,DF,0.10823376655578613,0.0,0.0,0.1088785918865962,-0.001379479910259378,-0.010879536753692652,0.72,-0.18,1.0
10.823376655578613,3,DF,0.10823376655578613,0.0,0.0,0.10843373881131586,-0.009766830210083153,-0.008355640436667715,0.72,-0.18,1.0
10.823376655578613,3,DF,0.10823376655578613,0.0,0.0,0.10927022392985311,-0.010929870842508627,0.0004845358082663128,0.72,-0.18,1.0
10.823376655578613,3,DF,0.10823376655578613,0.0,0.0,0.10456960640855072,-0.004575155614120354,-0.004059879344260631,0.72,-0.18,1.0
10.823376655578613,3,DF,0.10823376655578613,0.0,0.0,0.10136420491840233,0.0025146570707854417,-0.008198396301559163,0.72,-0.18,1.0
10.823376655578613,3,DF,0.10823376655578613,0.0,0.0,0.10931259520769254,-0.005924425466437821,-0.010050560421869957,0.72,-0.18,1.0
10.823376655578613,3,DF,0.10823376655578613,0.0,0.0,0.10524786944719029,-0.004489847167296694,-0.01255257876711788,0.72,-0.18,1.0
10.823376655578613,3,DF,0.10823376655578613,0.0,0.0,0.10256309603941755,-0.00194808376659509,-0.010350690181079016,0.72,-0.18,1.0
10.823376655578613,3,DF,0.10823376655578613,0.0,0.0,0.100093839303405,-0.008852826470466413,0.0038692999098569776,0.72,-0.18,1.0
10.823376655578613,3,DF,0.10823376655578613,0.0,0.0,0.10214363361227786,0.0020343124586078972,-0.002655696486374178,0.72,-0.18,1.0
10.873730659484863,3,DF,0.10873730659484863,0.0,0.0,0.10890114351131412,-0.0014584482341864868,-0.004887740376141858,0.72,-0.18,1.0
10.873730659484863,3,DF,0.10873730659484863,0.0,0.0,0.10939928568762641,0.005494989764845782,-0.004728295632209099,0.72,-0.18,1.0
10.873730659484863,3,DF,0.10873730659484863,0.0,0.0,0.10651526438753524,-0.003419139052498951,-0.006839007279322757,0.72,-0.18,1.0
10.873730659484863,3,DF,0.10873730659484863,0.0,0.0,0.10460494527717135,-0.009281851928328333,-0.0052013530495101734,0.72,-0.18,1.0
10.873730659484863,3,DF,0.10873730659484863,0.0,0.0,0.1031279930263382,-0.006969245157535052,-0.006296347058611419,0.72,-0.18,1.0
10.873730659484863,3,DF,0.10873730659484863,0.0,0.0,0.10488373149970481,-0.0044871866546247205,-0.001945742463759686,0.72,-0.18,1.0
10.873730659484863,3,DF,0.10873730659484863,0.0,0.0,0.1094212576200552,-0.010391652801844575,-0.0006550639553727568,0.72,-0.18,1.0
10.873730659484863,3,DF,0.10873730659484863,0.0,0.0,0.1032218781154542,-0.008105907829084486,-0.00087371961847346,0.72,-0.18,1.0
10.873730659484863,3,DF,0.10873730659484863,0.0,0.0,0.11069513876598967,-0.00840766950017838,-0.005778349373502066,0.72,-0.18,1.0
10.873730659484863,3,DF,0.10873730659484863,0.0,0.0,0.10179287768783334,-0.011524819430608551,-0.006244918882104651,0.72,-0.18,1.0
10.914034605026245,3,DF,0.10914034605026246,0.0,0.0,0.10342067775932207,-0.012038326176009808,-0.006996216264052555,0.72,-0.18,1.0
10.914034605026245,3,DF,0.10914034605026246,0.0,0.0,0.0972451356074927,-0.017839128140795833,0.0012663950000538404,0.72,-0.18,1.0
10.914034605026245,3,DF,0.10914034605026246,0.0,0.0,0.0874860389806669,-0.023776697573933,-0.007602262104718297,0.72,-0.18,1.0
10.914034605026245,3,DF,0.10914034605026246,0.0,0.0,0.08067349913850178,-0.008616312525243707,-0.0022578513387554217,0.72,-0.18,1.0
10.914034605026245,3,DF,0.10914034605026246,0.0,0.0,0.09574137529247692,-0.021641865458567038,-0.012395285837013848,0.72,-0.18,1.0
10.914034605026245,3,DF,0.10914034605026246,0.0,0.0,0.10703222160604439,-0.010676379482283945,-0.015101374669123226,0.72,-0.18,1.0
10.914034605026245,3,DF,0.10914034605026246,0.0,0.0,0.11797345298074681,-0.015780434194971233,-0.01500784742077449,0.72,-0.18,1.0
10.914034605026245,3,DF,0.10914034605026246,0.0,0.0,0.11101857180698224,-0.0031327666370320867,-0.008455472356822416,0.72,-0.18,1.0
10.914034605026245,3,DF,0.10914034605026246,0.0,0.0,0.10267936865844944,-0.02245593193340795,-0.011938499103646034,0.72,-0.18,1.0
10.914034605026245,3,DF,0.10914034605026246,0.0,0.0,0.0961658836959346,-0.01515579169781866,-0.009082325106501934,0.72,-0.18,1.0
10.954322814941406,3,DF,0.10954322814941407,0.0,0.0,0.08904532209264024,-0.02610483969260558,-0.016015146144973586,0.72,-0.18,1.0
10.954322814941406,3,DF,0.10954322814941407,0.0,0.0,0.08729286827507683,-0.011022138855274206,-0.0124131038015691,0.72,-0.18,1.0
10.954322814941406,3,DF,0.10954322814941407,0.0,0.0,0.08268158298380168,-0.01621725337387047,-0.015269426618968216,0.72,-0.18,1.0
10.954322814941406,3,DF,0.10954322814941407,0.0,0.0,0.08490973514756901,-0.011899282521072667,-0.01806782752335487,0.72,-0.18,1.0
10.954322814941406,3,DF,0.10954322814941407,0.0,0.0,0.08473750456269706,-0.008951489360040171,-0.008547440314180187,0.72,-0.18,1.0
10.954322814941406,3,DF,0.10954322814941407,0.0,0.0,0.08710553991199146,-0.010280212177500506,-0.0073607377862222765,0.72,-0.18,1.0
10.954322814941406,3,DF,0.10954322814941407,0.0,0.0,0.0878779309724098,-0.01398810490795207,-0.005242664005752625,0.72,-0.18,1.0
10.954322814941406,3,DF,0.10954322814941407,0.0,0.0,0.08856091825049205,-0.012114714530220255,-0.00310618498262665,0.72,-0.18,1.0
10.954322814941406,3,DF,0.10954322814941407,0.0,0.0,0.0876294064642699,-0.016205935897360024,0.0011179335496685895,0.72,-0.18,1.0
10.954322814941406,3,DF,0.10954322814941407,0.0,0.0,0.08504539542513584,-0.004471548582603378,-0.002944311663903033,0.72,-0.18,1.0
10.99460768699646,3,DF,0.1099460768699646,0.0,0.0,0.08760173481889055,-0.002481920633005303,0.001541187799401938,0.72,-0.18,1.0
10.99460768699646,3,DF,0.1099460768699646,0.0,0.0,0.09656843523972906,0.0011337863737616828,0.004224096252842175,0.72,-0.18,1.0
10.99460768699646,3,DF,0.1099460768699646,0.0,0.0,0.11037300226461662,0.003785184651192107,0.005296309439445174,0.72,-0.18,1.0
10.99460768699646,3,DF,0.1099460768699646,0.0,0.0,0.10299847543537091,-0.002789202632527041,-0.005464270276282549,0.72,-0.18,1.0
10.99460768699646,3,DF,0.1099460768699646,0.0,0.0,0.10943106800610444,-0.007643789450521387,-0.0013512390494152158,0.72,-0.18,1.0
10.99460768699646,3,DF,0.1099460768699646,0.0,0.0,0.1000741886072599,-0.01139099665821847,-0.005839040539582793,0.72,-0.18,1.0
10.99460768699646,3,DF,0.1099460768699646,0.0,0.0,0.09652416105029982,-0.008928741387090168,-0.0035670245840316583,0.72,-0.18,1.0
10.99460768699646,3,DF,0.1099460768699646,0.0,0.0,0.11402543623667671,-0.018686246378707153,-0.006270722027983987,0.72,-0.18,1.0
10.99460768699646,3,DF,0.1099460768699646,0.0,0.0,0.10432948197639669,-0.016303834969428662,-0.011094836128303857,0.72,-0.18,1.0
11.044981002807617,3,DF,0.11044981002807618,0.0,0.0,0.10163131791496775,-0.01508465278371979,-0.010173690957312855,0.72,-0.18,1.0
11.044981002807617,3,DF,0.11044981002807618,0.0,0.0,0.0967475376714977,-0.018788793827175392,-0.010949810622322004,0.72,-0.18,1.0
11.044981002807617,3,DF,0.11044981002807618,0.0,0.0,0.09483206027338882,-0.006353424405874052,-0.014034518514000133,0.72,-0.18,1.0
11.044981002807617,3,DF,0.11044981002807618,0.0,0.0,0.10427859466113933,-0.01687031820400171,-0.011095024586079322,0.72,-0.18,1.0
11.044981002807617,3,DF,0.11044981002807618,0.0,0.0,0.1166856549961456,-0.004644662558520582,-0.005793776360013803,0.72,-0.18,1.0
11.044981002807617,3,DF,0.11044981002807618,0.0,0.0,0.11764151155880713,-0.022632336553542146,-0.006891504043076918,0.72,-0.18,1.0
11.044981002807617,3,DF,0.11044981002807618,0.0,0.0,0.117018992382801,-0.014144230436436922,0.0011963001402066342,0.72,-0.18,1.0
11.044981002807617,3,DF,0.11044981002807618,0.0,0.0,0.12322950042185331,-0.007568026495829033,-0.003214366783742644,0.72,-0.18,1.0
11.044981002807617,3,DF,0.11044981002807618,0.0,0.0,0.12732840368528808,-0.016547776818759477,-0.002831153603196466,0.72,-0.18,1.0
11.044981002807617,3,DF,0.11044981002807618,0.0,0.0,0.12646617124280474,-0.012291345716166066,0.0009212415272356947,0.72,-0.18,1.0
11.085255861282349,3,DF,0.11085255861282349,0.0,0.0,0.11225693961685315,-0.01560635531193109,-0.008185905933141386,0.72,-0.18,1.0
11.085255861282349,3,DF,0.11085255861282349,0.0,0.0,0.11519888111310532,-0.018332886499844856,-0.007253393354550215,0.72,-0.18,1.0
11.085255861282349,3,DF,0.11085255861282349,0.0,0.0,0.10342042973836127,-0.011636109361671662,-0.006372132675535313,0.72,-0.18,1.0
11.085255861282349,3,DF,0.11085255861282349,0.0,0.0,0.09976251746737631,-0.007978702427970186,-0.007618729666796945,0.72,-0.18,1.0
11.085255861282349,3,DF,0.11085255861282349,0.0,0.0,0.104284853338249,-0.009952392688973959,-0.005793970683113739,0.72,-0.18,1.0
11.085255861282349,3,DF,0.11085255861282349,0.0,0.0,0.10903721454458154,0.0005814117978970463,-0.001573918595562891,0.72,-0.18,1.0
11.085255861282349,3,DF,0.11085255861282349,0.0,0.0,0.10644765183060059,0.004441148566619735,-0.004293095239305178,0.72,-0.18,1.0
11.085255861282349,3,DF,0.11085255861282349,0.0,0.0,0.10904442305814789,-0.0009260116359440518,-0.004442889621084032,0.72,-0.18,1.0
11.085255861282349,3,DF,0.11085255861282349,0.0,0.0,0.10475329383978478,-0.0016086877080816995,-0.007839776932305191,0.72,-0.18,1.0
11.085255861282349,3,DF,0.11085255861282349,0.0,0.0,0.1045533354809644,-0.009256777641919038,-0.007812676180396959,0.72,-0.18,1.0
11.125542402267456,3,DF,0.11125542402267456,0.0,0.0,0.11147893011824986,-0.007311143807078859,-0.014383658461880876,0.72,-0.18,1.0
11.125542402267456,3,DF,0.11125542402267456,0.0,0.0,0.09598546364075372,-0.007654791478318515,-0.004124588641596677,0.72,-0.18,1.0
11.125542402267456,3,DF,0.11125542402267456,0.0,0.0,0.1032224592216922,-0.00995940470015563,-0.006274575024512316,0.72,-0.18,1.0
11.125542402267456,3,DF,0.11125542402267456,0.0,0.0,0.09604893199915178,-0.00632880266245734,-0.01023205752089839,0.72,-0.18,1.0
11.125542402267456,3,DF,0.11125542402267456,0.0,0.0,0.11117802335566002,-0.02225394109302685,-0.002464575153884484,0.72,-0.18,1.0
11.125542402267456,3,DF,0.11125542402267456,0.0,0.0,0.10181580502086218,-0.023341901635256162,0.0014259905324998819,0.72,-0.18,1.0
11.125542402267456,3,DF,0.11125542402267456,0.0,0.0,0.09888963743321351,-0.027972732719747578,-0.0037191311139309537,0.72,-0.18,1.0
11.125542402267456,3,DF,0.11125542402267456,0.0,0.0,0.09984892558143232,-0.024486682482975277,0.003730413218213616,0.72,-0.18,1.0
11.125542402267456,3,DF,0.11125542402267456,0.0,0.0,0.10407669790432636,-0.019642081612366847,0.006447025362424913,0.72,-0.18,1.0
11.125542402267456,3,DF,0.11125542402267456,0.0,0.0,0.10547458248321787,-0.004246802150427217,0.01319255928468228,0.72,-0.18,1.0
11.175906658172607,3,DF,0.11175906658172607,0.0,0.0,0.10622958971458264,-0.00878614606872667,0.002121592460471368,0.72,-0.18,1.0
11.175906658172607,3,DF,0.11175906658172607,0.0,0.0,0.10451463928065456,-0.011738919028483091,-0.002249158322644628,0.72,-0.18,1.0
11.175906658172607,3,DF,0.11175906658172607,0.0,0.0,0.10112114919526873,-0.007699000175448431,-0.005133516795385213,0.72,-0.18,1.0
11.175906658172607,3,DF,0.11175906658172607,0.0,0.0,0.09964843262834228,0.002607285280927472,0.0036758863238850995,0.72,-0.18,1.0
11.175906658172607,3,DF,0.11175906658172607,0.0,0.0,0.0937409863254851,0.003912052116842505,0.0014614613801492472,0.72,-0.18,1.0
11.175906658172607,3,DF,0.11175906658172607,0.0,0.0,0.09671251494514319,-0.005029607267856032,-0.0023057086870616915,0.72,-0.18,1.0
11.175906658172607,3,DF,0.11175906658172607,0.0,0.0,0.09687826264063977,-0.016645275070558904,-0.007349702103084377,0.72,-0.18,1.0
11.175906658172607,3,DF,0.11175906658172607,0.0,0.0,0.09337683529965209,-0.013377543744214229,-0.009424143481748642,0.72,-0.18,1.0
11.175906658172607,3,DF,0.11175906658172607,0.0,0.0,0.09745057255535183,-0.00756052569249915,-0.005162208981626087,0.72,-0.18,1.0
11.175906658172607,3,DF,0.11175906658172607,0.0,0.0,0.10700393264123689,-0.01747195341455461,-0.004291007926450025,0.72,-0.18,1.0
11.216190338134766,3,DF,0.11216190338134766,0.0,0.0,0.11217572837022718,-0.021097006736427597,-0.0019299524813965858,0.72,-0.18,1.0
11.216190338134766,3,DF,0.11216190338134766,0.0,0.0,0.09860405509316982,-0.022576817227897283,-0.007495583081017216,0.72,-0.18,1.0
11.216190338134766,3,DF,0.11216190338134766,0.0,0.0,0.10310565706627464,-0.01598267404895085,-0.004433560062869967,0.72,-0.18,1.0
11.216190338134766,3,DF,0.11216190338134766,0.0,0.0,0.10124440876509772,-0.011573632113916814,-0.0019378460005120227,0.72,-0.18,1.0
11.216190338134766,3,DF,0.11216190338134766,0.0,0.0,0.10557037959258123,-0.012627681197579003,-0.003305313854597216,0.72,-0.18,1.0
11.216190338134766,3,DF,0.11216190338134766,0.0,0.0,0.1085953384045852,-0.014137360114520181,-0.004639175976872518,0.72,-0.18,1.0
11.216190338134766,3,DF,0.11216190338134766,0.0,0.0,0.10778724981973775,-0.01477359396430052,-0.004439857752175866,0.72,-0.18,1.0
11.216190338134766,3,DF,0.11216190338134766,0.0,0.0,0.11340402478160104,-0.0060018732714092055,-0.0011162157146914356,0.72,-0.18,1.0
11.216190338134766,3,DF,0.11216190338134766,0.0,0.0,0.11167046081283774,-0.02226041528466579,-0.013134538195761002,0.72,-0.18,1.0
11.216190338134766,3,DF,0.11216190338134766,0.0,0.0,0.10720175186049509,-0.013781170026148227,-0.00809881991387965,0.72,-0.18,1.0
11.25649118423462,3,DF,0.1125649118423462,0.0,0.0,0.11086225146909837,-0.009416045906238733,-0.010308747443241109,0.72,-0.18,1.0
11.25649118423462,3,DF,0.1125649118423462,0.0,0.0,0.11938558255958377,-0.010130291651698358,-0.008134775746782594,0.72,-0.18,1.0
11.25649118423462,3,DF,0.1125649118423462,0.0,0.0,0.1169019855179044,-0.008734341800721567,-0.0028771850148836997,0.72,-0.18,1.0
11.25649118423462,3,DF,0.1125649118423462,0.0,0.0,0.11588870229165288,-0.0036558429059669545,-0.003944386996345914,0.72,-0.18,1.0
11.25649118423462,3,DF,0.1125649118423462,0.0,0.0,0.10720920219588682,0.009465340035635554,-0.006081803265668181,0.72,-0.18,1.0
11.25649118423462,3,DF,0.1125649118423462,0.0,0.0,0.10811684970830882,-0.00708509741882485,-0.003829875755314594,0.72,-0.18,1.0
11.25649118423462,3,DF,0.1125649118423462,0.0,0.0,0.10303933975876282,-0.011763234877158132,0.004862531737939191,0.72,-0.18,1.0
11.25649118423462,3,DF,0.1125649118423462,0.0,0.0,0.11372706760151487,0.0020225412369781655,0.006428333899031773,0.72,-0.18,1.0
11.25649118423462,3,DF,0.1125649118423462,0.0,0.0,0.11073310584097558,-0.007342337303506993,-0.0015118868682476774,0.72,-0.18,1.0
11.25649118423462,3,DF,0.1125649118423462,0.0,0.0,0.10131161551719002,-0.00975558610830389,-0.007718307047928969,0.72,-0.18,1.0
11.296780109405518,3,DF,0.11296780109405517,0.0,0.0,0.10670068110227122,-0.013636710634970555,-0.005340481238886934,0.72,-0.18,1.0
11.296780109405518,3,DF,0.11296780109405517,0.0,0.0,0.10076524887596104,-0.01537195734392672,-0.00705073794176756,0.72,-0.18,1.0
11.296780109405518,3,DF,0.11296780109405517,0.0,0.0,0.0942757177464401,-0.016904484815144838,-0.007653580185048203,0.72,-0.18,1.0
11.296780109405518,3,DF,0.11296780109405517,0.0,0.0,0.10730059836425879,-0.014182288310555916,-0.007229032900646194,0.72,-0.18,1.0
11.296780109405518,3,DF,0.11296780109405517,0.0,0.0,0.11050818471026808,-0.017931020204697706,-0.009325416528351541,0.72,-0.18,1.0
11.296780109405518,3,DF,0.11296780109405517,0.0,0.0,0.10583931256325352,-0.01288580994259323,-0.007578100751749265,0.72,-0.18,1.0
11.296780109405518,3,DF,0.11296780109405517,0.0,0.0,0.11280651539042691,-0.021519607876601184,-0.0063590070404033845,0.72,-0.18,1.0
11.296780109405518,3,DF,0.11296780109405517,0.0,0.0,0.1179997330551025,-0.024837170952088067,-0.0007180695352308644,0.72,-0.18,1.0
11.296780109405518,3,DF,0.11296780109405517,0.0,0.0,0.10432434600157901,-0.022142614564679704,-0.007529435790103543,0.72,-0.18,1.0
11.296780109405518,3,DF,0.11296780109405517,0.0,0.0,0.1089026593581676,-0.016947240987894782,0.0017857566000924893,0.72,-0.18,1.0
11.347148656845093,3,DF,0.11347148656845094,0.0,0.0,0.11424350441623458,-0.010300236955961058,-0.0035182669347704016,0.72,-0.18,1.0
11.347148656845093,3,DF,0.11347148656845094,0.0,0.0,0.11352343849392849,-0.010174359410102668,-0.011509820424351606,0.72,-0.18,1.0
11.347148656845093,3,DF,0.11347148656845094,0.0,0.0,0.12308790012025993,-0.006855489222274399,-0.009225978232451098,0.72,-0.18,1.0
11.347148656845093,3,DF,0.11347148656845094,0.0,0.0,0.10940631832671026,-0.010273745357335587,-0.005519433399343583,0.72,-0.18,1.0
11.347148656845093,3,DF,0.11347148656845094,0.0,0.0,0.11567118164239278,-0.011406062716960184,-0.003908542753385589,0.72,-0.18,1.0
11.347148656845093,3,DF,0.11347148656845094,0.0,0.0,0.11462768413903413,-0.01439039280581983,-0.003882880724648555,0.72,-0.18,1.0
11.347148656845093,3,DF,0.11347148656845094,0.0,0.0,0.10388020018644206,-0.02509138489031376,-0.0031639960756083604,0.72,-0.18,1.0
11.347148656845093,3,DF,0.11347148656845094,0.0,0.0,0.09962856850369149,-0.028582100084823807,-0.009141825401203105,0.72,-0.18,1.0
11.347148656845093,3,DF,0.11347148656845094,0.0,0.0,0.11108312788658335,-0.023770304445626642,-0.006668933883956783,0.72,-0.18,1.0
11.347148656845093,3,DF,0.11347148656845094,0.0,0.0,0.11076025817568572,-0.012546045420746388,-0.011795516056070375,0.72,-0.18,1.0
11.387430429458618,3,DF,0.11387430429458618,0.0,0.0,0.10358850179093511,-0.010342550063932577,-0.011713412454943511,0.72,-0.18,1.0
11.387430429458618,3,DF,0.11387430429458618,0.0,0.0,0.10737108813416672,-0.016706408890824156,-0.007046274834324044,0.72,-0.18,1.0
11.387430429458618,3,DF,0.11387430429458618,0.0,0.0,0.11194642804326918,-0.010353674897684554,-0.01284847291867789,0.72,-0.18,1.0
11.387430429458618,3,DF,0.11387430429458618,0.0,0.0,0.11500740765123156,0.004383394373276416,-0.009426123964539866,0.72,-0.18,1.0
11.387430429458618,3,DF,0.11387430429458618,0.0,0.0,0.11421728896368563,0.0033096179321351125,-0.004716326943721,0.72,-0.18,1.0
11.387430429458618,3,DF,0.11387430429458618,0.0,0.0,0.11010971917151684,0.0163047123672673,-0.007833145955548996,0.72,-0.18,1.0
11.387430429458618,3,DF,0.11387430429458618,0.0,0.0,0.11406579399352637,-0.004949823868474255,-0.002924143340008655,0.72,-0.18,1.0
11.387430429458618,3,DF,0.11387430429458618,0.0,0.0,0.0995459994591728,0.004153271263345739,-0.008215218424138745,0.72,-0.18,1.0
11.387430429458618,3,DF,0.11387430429458618,0.0,0.0,0.10196426578780295,-0.00757243314877414,-0.010099495721049996,0.72,-0.18,1.0
11.387430429458618,3,DF,0.11387430429458618,0.0,0.0,0.09949042246732781,-0.003888782590241324,-0.010635559058349788,0.72,-0.18,1.0
11.427748203277588,3,DF,0.11427748203277588,0.0,0.0,0.10984722216701938,-0.019831836611411035,-0.011605079290156875,0.72,-0.18,1.0
11.427748203277588,3,DF,0.11427748203277588,0.0,0.0,0.10570704790751825,-0.01365406995887395,-0.008067930088490095,0.72,-0.18,1.0
11.427748203277588,3,DF,0.11427748203277588,0.0,0.0,0.10696050470068255,-0.002609343988636865,-0.011326354099062772,0.72,-0.18,1.0
11.427748203277588,3,DF,0.11427748203277588,0.0,0.0,0.10461253664117169,-0.016045867294049988,-0.006415836876329452,0.72,-0.18,1.0
11.427748203277588,3,DF,0.11427748203277588,0.0,0.0,0.11104474273221134,-0.008534226781542262,-0.006708235011951034,0.72,-0.18,1.0
11.427748203277588,3,DF,0.11427748203277588,0.0,0.0,0.10760015134550886,-0.0075376534614892444,-0.0067172334088342585,0.72,-0.18,1.0
11.427748203277588,3,DF,0.11427748203277588,0.0,0.0,0.11101115777491476,-0.014494667821501382,0.0009558232825378807,0.72,-0.18,1.0
11.427748203277588,3,DF,0.11427748203277588,0.0,0.0,0.1179529293291561,-0.010453097863421497,0.0030440648728733716,0.72,-0.18,1.0
11.427748203277588,3,DF,0.11427748203277588,0.0,0.0,0.11214949098399579,-0.01585905593523429,-0.004233213303982902,0.72,-0.18,1.0
11.427748203277588,3,DF,0.11427748203277588,0.0,0.0,0.10753333416732465,-0.018926354511336,-0.001830172410887972,0.72,-0.18,1.0
11.468269348144531,3,DF,0.11468269348144532,0.0,0.0,0.10890371845056009,-0.0031120092780199432,-0.01192734782202157,0.72,-0.18,1.0
11.468269348144531,3,DF,0.11468269348144532,0.0,0.0,0.11516328932383929,-0.015278882246688757,-0.013895201322422834,0.72,-0.18,1.0
11.468269348144531,3,DF,0.11468269348144532,0.0,0.0,0.11874934200219829,-0.005552706552205979,-0.011261698352069189,0.72,-0.18,1.0
11.468269348144531,3,DF,0.11468269348144532,0.0,0.0,0.11318793869460661,-0.022999291693002806,-0.010246860990107938,0.72,-0.18,1.0
11.468269348144531,3,DF,0.11468269348144532,0.0,0.0,0.09934096054729985,-0.010810838247360796,-0.005224724932254501,0.72,-0.18,1.0
11.468269348144531,3,DF,0.11468269348144532,0.0,0.0,0.10571304465114524,-0.018259639247514503,-0.006732098034298773,0.72,-0.18,1.0
11.468269348144531,3,DF,0.11468269348144532,0.0,0.0,0.11451643507469599,-0.007733478116715376,-0.003504977709029896,0.72,-0.18,1.0
11.468269348144531,3,DF,0.11468269348144532,0.0,0.0,0.11105228093604942,-0.00984973305139977,-0.005641173692210693,0.72,-0.18,1.0
11.468269348144531,3,DF,0.11468269348144532,0.0,0.0,0.11402210522197408,-0.012696988520389314,-0.009077671921923746,0.72,-0.18,1.0
11.468269348144531,3,DF,0.11468269348144532,0.0,0.0,0.11604227650802659,-0.02640141384351053,-0.0016933807664866552,0.72,-0.18,1.0
11.518664360046387,3,DF,0.11518664360046386,0.0,0.0,0.11748790803837689,-0.022260543781667703,-0.0016856624247036224,0.72,-0.18,1.0
11.518664360046387,3,DF,0.11518664360046386,0.0,0.0,0.12061511090655852,-0.02344615888892517,-0.004406694798112728,0.72,-0.18,1.0
11.518664360046387,3,DF,0.11518664360046386,0.0,0.0,0.12207543244555387,-0.01724794630669785,-0.000877287729273587,0.72,-0.18,1.0
11.518664360046387,3,DF,0.11518664360046386,0.0,0.0,0.116946666019239,-0.01462191591833165,-0.002153847855988443,0.72,-0.18,1.0
11.518664360046387,3,DF,0.11518664360046386,0.0,0.0,0.10670536625621266,-0.01074914675825214,-0.002691508821760132,0.72,-0.18,1.0
11.518664360046387,3,DF,0.11518664360046386,0.0,0.0,0.10052912635781654,-0.02000162786242625,-0.011548174550615875,0.72,-0.18,1.0
11.518664360046387,3,DF,0.11518664360046386,0.0,0.0,0.10474490891069703,-0.0033565598157994825,-0.002656939365568118,0.72,-0.18,1.0
11.518664360046387,3,DF,0.11518664360046386,0.0,0.0,0.1002083996369706,-0.01912026846758173,-0.005700143330511998,0.72,-0.18,1.0
11.518664360046387,3,DF,0.11518664360046386,0.0,0.0,0.10437087800947659,-0.02122153548921672,-0.006280127871663356,0.72,-0.18,1.0
11.518664360046387,3,DF,0.11518664360046386,0.0,0.0,0.10469073340363584,-0.01318438586143837,-0.0030868019526788053,0.72,-0.18,1.0
11.558967113494873,3,DF,0.11558967113494874,0.0,0.0,0.10367639523388698,-0.005265431818458198,-0.015009940387911168,0.72,-0.18,1.0
11.558967113494873,3,DF,0.11558967113494874,0.0,0.0,0.1069265805782873,-0.00821779032330806,-0.007926456746749988,0.72,-0.18,1.0
11.558967113494873,3,DF,0.11558967113494874,0.0,0.0,0.10614663056419917,-0.015252369894625358,-0.015508825654275245,0.72,-0.18,1.0
11.558967113494873,3,DF,0.11558967113494874,0.0,0.0,0.10943743534439147,-0.019842213558935264,-0.0048216561647134925,0.72,-0.18,1.0
11.558967113494873,3,DF,0.11558967113494874,0.0,0.0,0.1137682315523555,-0.015739542515404124,-0.000978939043724131,0.72,-0.18,1.0
11.558967113494873,3,DF,0.11558967113494874,0.0,0.0,0.12307031126906359,-0.020343890424452542,-0.005574571252575675,0.72,-0.18,1.0
11.558967113494873,3,DF,0.11558967113494874,0.0,0.0,0.10903079205341637,-0.021727247764324966,-0.008997795429728388,0.72,-0.18,1.0
11.558967113494873,3,DF,0.11558967113494874,0.0,0.0,0.11840055952833331,-0.01343151682816778,-0.006014978133585668,0.72,-0.18,1.0
11.558967113494873,3,DF,0.11558967113494874,0.0,0.0,0.11826943760673789,-0.02317517111310818,-0.009234798838372447,0.72,-0.18,1.0
11.599264144897461,3,DF,0.11599264144897461,0.0,0.0,0.11917074486830644,-0.012683428599106114,-0.014033070328288634,0.72,-0.18,1.0
11.599264144897461,3,DF,0.11599264144897461,0.0,0.0,0.11490585609537578,-0.005085256825752247,-0.005751145570079589,0.72,-0.18,1.0
11.599264144897461,3,DF,0.11599264144897461,0.0,0.0,0.1166114850147678,-0.015316381001911109,0.0005941139566736207,0.72,-0.18,1.0
11.599264144897461,3,DF,0.11599264144897461,0.0,0.0,0.11475582510425443,0.005068385878731025,-0.011261987928793477,0.72,-0.18,1.0
11.599264144897461,3,DF,0.11599264144897461,0.0,0.0,0.11704322535233383,-0.005792146488089567,-0.003491151747215706,0.72,-0.18,1.0
11.599264144897461,3,DF,0.11599264144897461,0.0,0.0,0.11736073214072643,0.00427252652686698,0.0016712820240365055,0.72,-0.18,1.0
11.599264144897461,3,DF,0.11599264144897461,0.0,0.0,0.12023249785171689,-0.007545349531336167,0.00020850588797698808,0.72,-0.18,1.0
11.599264144897461,3,DF,0.11599264144897461,0.0,0.0,0.12248696729905206,-0.0005605940097051543,-0.001963943175566717,0.72,-0.18,1.0
11.599264144897461,3,DF,0.11599264144897461,0.0,0.0,0.11359355473976569,-0.01222859020805366,0.004761901689786268,0.72,-0.18,1.0
11.599264144897461,3,DF,0.11599264144897461,0.0,0.0,0.10307848940557267,-0.003970627451074536,-0.005113923186306936,0.72,-0.18,1.0
11.649647951126099,3,DF,0.11649647951126099,0.0,0.0,0.10964233396375835,-0.02365990382201814,0.0027023217200754777,0.72,-0.18,1.0
11.649647951126099,3,DF,0.11649647951126099,0.0,0.0,0.11049222973721443,-0.01589808335611633,-0.001039750015529211,0.72,-0.18,1.0
11.649647951126099,3,DF,0.11649647951126099,0.0,0.0,0.1134366129920202,-0.015459635807309925,-0.0036949008629010086,0.72,-0.18,1.0
11.649647951126099,3,DF,0.11649647951126099,0.0,0.0,0.11097634392463276,-0.006925907258260471,-0.002364791947833001,0.72,-0.18,1.0
11.649647951126099,3,DF,0.11649647951126099,0.0,0.0,0.11959542198707226,-0.0048254172910099855,-0.007405190773669273,0.72,-0.18,1.0
11.649647951126099,3,DF,0.11649647951126099,0.0,0.0,0.11789287452900596,-0.011116091437137139,-0.010124452552014601,0.72,-0.18,1.0
11.649647951126099,3,DF,0.11649647951126099,0.0,0.0,0.11474285812860135,-0.01882578735264056,-0.006663698120548714,0.72,-0.18,1.0
11.649647951126099,3,DF,0.11649647951126099,0.0,0.0,0.11437450267988987,-0.01570901889468384,-0.0017439379229999509,0.72,-0.18,1.0
11.649647951126099,3,DF,0.11649647951126099,0.0,0.0,0.11856165393125445,0.001371221262584826,5.061492191640462e-06,0.72,-0.18,1.0
11.649647951126099,3,DF,0.11649647951126099,0.0,0.0,0.11995328954726245,-0.012991690495144429,-0.005431280278054191,0.72,-0.18,1.0
11.689942836761475,3,DF,0.11689942836761474,0.0,0.0,0.12580505923325455,-0.00492587225324554,-0.004486225779800362,0.72,-0.18,1.0
11.689942836761475,3,DF,0.11689942836761474,0.0,0.0,0.12720651939528793,-0.008787693057701579,-0.008512600483997296,0.72,-0.18,1.0
11.689942836761475,3,DF,0.11689942836761474,0.0,0.0,0.12263572229361144,-0.004555335173756603,-0.01224910304748076,0.72,-0.18,1.0
11.689942836761475,3,DF,0.11689942836761474,0.0,0.0,0.11651681590631442,-0.018133423060933514,-0.008608105517905723,0.72,-0.18,1.0
11.689942836761475,3,DF,0.11689942836761474,0.0,0.0,0.11359558806460544,-0.008769346530424363,-0.005259363619457759,0.72,-0.18,1.0
11.689942836761475,3,DF,0.11689942836761474,0.0,0.0,0.11771924142489724,-0.0084506512456202,0.0014065786671946829,0.72,-0.18,1.0
11.689942836761475,3,DF,0.11689942836761474,0.0,0.0,0.1174555770559172,-0.0008917370608396004,-0.008728380499050031,0.72,-0.18,1.0
11.689942836761475,3,DF,0.11689942836761474,0.0,0.0,0.11093681215106643,-0.0019743727110083267,-0.001302210786013278,0.72,-0.18,1.0
11.689942836761475,3,DF,0.11689942836761474,0.0,0.0,0.10542661278832353,-0.014859866205476179,-0.012099316713018487,0.72,-0.18,1.0
11.689942836761475,3,DF,0.11689942836761474,0.0,0.0,0.10453758943791873,-0.0023177083379610115,-0.004324346832897263,0.72,-0.18,1.0
11.730258226394653,3,DF,0.11730258226394653,0.0,0.0,0.11742944389174989,-0.000890344323589267,-0.008335680320478276,0.72,-0.18,1.0
11.730258226394653,3,DF,0.11730258226394653,0.0,0.0,0.11090203120849312,-0.014413086216718633,-0.0032322021739010706,0.72,-0.18,1.0
11.730258226394653,3,DF,0.11730258226394653,0.0,0.0,0.11708173092009849,-0.002339990790715348,-0.0007996378576505969,0.72,-0.18,1.0
11.730258226394653,3,DF,0.11730258226394653,0.0,0.0,0.12045045836537749,-0.012488538779041396,-0.0072659698009741825,0.72,-0.18,1.0
11.730258226394653,3,DF,0.11730258226394653,0.0,0.0,0.13273332975403268,-0.006625600009412091,0.0006918772331126785,0.72,-0.18,1.0
11.730258226394653,3,DF,0.11730258226394653,0.0,0.0,0.1372445526214666,-0.0063513407683754835,-0.008216482939277178,0.72,-0.18,1.0
11.730258226394653,3,DF,0.11730258226394653,0.0,0.0,0.13496808996844378,-0.019519422640410334,-0.0009745261279584859,0.72,-0.18,1.0
11.730258226394653,3,DF,0.11730258226394653,0.0,0.0,0.12499760533346885,-0.015488654466384665,-0.009778263358812328,0.72,-0.18,1.0
11.730258226394653,3,DF,0.11730258226394653,0.0,0.0,0.11178492937810361,-0.010125547309930937,-0.005021221736175071,0.72,-0.18,1.0
11.730258226394653,3,DF,0.11730258226394653,0.0,0.0,0.10751538338161729,-0.010673781543373883,-0.01197294142004022,0.72,-0.18,1.0
11.77055811882019,3,DF,0.1177055811882019,0.0,0.0,0.11057773762574738,-0.013857802254390027,-0.006638325218909646,0.72,-0.18,1.0
11.77055811882019,3,DF,0.1177055811882019,0.0,0.0,0.1086933586582366,-0.0038198507249581188,-0.001584693026708017,0.72,-0.18,1.0
11.77055811882019,3,DF,0.1177055811882019,0.0,0.0,0.11087045186552408,-0.013383804237652406,-0.00668925245051638,0.72,-0.18,1.0
11.77055811882019,3,DF,0.1177055811882019,0.0,0.0,0.11645687519051948,-0.0025073881080944008,0.006657582571986258,0.72,-0.18,1.0
11.77055811882019,3,DF,0.1177055811882019,0.0,0.0,0.11797086254183116,0.0016846528682791738,-0.009302667646161972,0.72,-0.18,1.0
11.77055811882019,3,DF,0.1177055811882019,0.0,0.0,0.11902755369832627,-0.019335220967041527,-0.00579543632651175,0.72,-0.18,1.0
11.77055811882019,3,DF,0.1177055811882019,0.0,0.0,0.11797201213813592,-0.013677835396299241,-0.004429693234572364,0.72,-0.18,1.0
11.77055811882019,3,DF,0.1177055811882019,0.0,0.0,0.114337300227279,-0.017987504014333754,-0.013826609673339827,0.72,-0.18,1.0
11.77055811882019,3,DF,0.1177055811882019,0.0,0.0,0.11220376359406267,-0.025619080097144066,-0.0027383482535790807,0.72,-0.18,1.0
11.77055811882019,3,DF,0.1177055811882019,0.0,0.0,0.10481117546612788,-0.029612866354199092,-0.006846278563351534,0.72,-0.18,1.0
11.820931196212769,3,DF,0.1182093119621277,0.0,0.0,0.10150729415942074,-0.02258399978387944,0.0042534316063554825,0.72,-0.18,1.0
11.820931196212769,3,DF,0.1182093119621277,0.0,0.0,0.11078995028274213,-0.012503996420273195,-0.0021204346138613507,0.72,-0.18,1.0
11.820931196212769,3,DF,0.1182093119621277,0.0,0.0,0.11415384447248991,-0.0025694860837518693,0.004286451693499261,0.72,-0.18,1.0
11.820931196212769,3,DF,0.1182093119621277,0.0,0.0,0.12033604129460868,-0.02035124941344841,0.006243917233735793,0.72,-0.18,1.0
11.820931196212769,3,DF,0.1182093119621277,0.0,0.0,0.11768481944677274,-0.006294212453716774,-0.008596931838185653,0.72,-0.18,1.0
11.820931196212769,3,DF,0.1182093119621277,0.0,0.0,0.12412822542356443,-0.009528798101534949,-0.008675177497048636,0.72,-0.18,1.0
11.820931196212769,3,DF,0.1182093119621277,0.0,0.0,0.12337347724619369,-0.014370937576908036,-0.012393605147866622,0.72,-0.18,1.0
11.820931196212769,3,DF,0.1182093119621277,0.0,0.0,0.12689914636824753,-0.00476669062927055,-0.019581144493159706,0.72,-0.18,1.0
11.820931196212769,3,DF,0.1182093119621277,0.0,0.0,0.11958831065671661,-0.008800116996622536,-0.008726910115378033,0.72,-0.18,1.0
11.820931196212769,3,DF,0.1182093119621277,0.0,0.0,0.12069330256071266,-0.0037106925505401146,0.0024656840758457378,0.72,-0.18,1.0
11.861234188079834,3,DF,0.11861234188079835,0.0,0.0,0.11292963333786735,-0.013686680462739317,-0.001781554483961043,0.72,-0.18,1.0
11.861234188079834,3,DF,0.11861234188079835,0.0,0.0,0.11321714973696966,-0.011818535388283494,0.0002497498382946094,0.72,-0.18,1.0
11.861234188079834,3,DF,0.11861234188079835,0.0,0.0,0.11441358672559182,-0.0190945468118363,0.001805586538023385,0.72,-0.18,1.0
11.861234188079834,3,DF,0.11861234188079835,0.0,0.0,0.11664952578909886,-0.004735895205330825,-0.007671569003894878,0.72,-0.18,1.0
11.861234188079834,3,DF,0.11861234188079835,0.0,0.0,0.10675858907027663,-0.01317267007667702,0.0019317528535610635,0.72,-0.18,1.0
11.861234188079834,3,DF,0.11861234188079835,0.0,0.0,0.1152772100051864,-0.010345188251352354,-0.005379998901690591,0.72,-0.18,1.0
11.861234188079834,3,DF,0.11861234188079835,0.0,0.0,0.12176341287051864,-0.011141666320041476,0.0001977580182907266,0.72,-0.18,1.0
11.861234188079834,3,DF,0.11861234188079835,0.0,0.0,0.11858387256626965,-0.018757785411619737,-0.0017731339307696771,0.72,-0.18,1.0
11.861234188079834,3,DF,0.11861234188079835,0.0,0.0,0.10749125200158197,-0.015934064370909974,0.0007638426347788153,0.72,-0.18,1.0
11.861234188079834,3,DF,0.11861234188079835,0.0,0.0,0.11067614343790223,-0.008222729324601556,-0.010112389250715293,0.72,-0.18,1.0
11.90152883529663,3,DF,0.1190152883529663,0.0,0.0,0.10952389152167469,-0.016909026920509836,-0.002040133496906906,0.72,-0.18,1.0
11.90152883529663,3,DF,0.1190152883529663,0.0,0.0,0.10634956276261885,-0.02163865783175957,0.0029598913367241196,0.72,-0.18,1.0
11.90152883529663,3,DF,0.1190152883529663,0.0,0.0,0.10164930165496797,-0.011234602421942224,0.0036162965136359968,0.72,-0.18,1.0
11.90152883529663,3,DF,0.1190152883529663,0.0,0.0,0.1002357002177228,-0.013224871796043973,0.0039149637670968076,0.72,-0.18,1.0
11.90152883529663,3,DF,0.1190152883529663,0.0,0.0,0.10837678171308819,-0.01426052383606997,0.00028692953181596367,0.72,-0.18,1.0
11.90152883529663,3,DF,0.1190152883529663,0.0,0.0,0.11816016691776152,-0.018616433604370257,-0.0016873467488121862,0.72,-0.18,1.0
11.90152883529663,3,DF,0.1190152883529663,0.0,0.0,0.11368118575992409,-0.022531113801771734,-0.011761361000224707,0.72,-0.18,1.0
11.90152883529663,3,DF,0.1190152883529663,0.0,0.0,0.11580417162362078,-0.023977557255744332,-0.008814832175002035,0.72,-0.18,1.0
11.90152883529663,3,DF,0.1190152883529663,0.0,0.0,0.11110277571376614,-0.02527341166609049,0.0014121336705604506,0.72,-0.18,1.0
11.90152883529663,3,DF,0.1190152883529663,0.0,0.0,0.11454405429409144,-0.01862858863213583,-0.006267576219018757,0.72,-0.18,1.0
11.94185185432434,3,DF,0.11941851854324341,0.0,0.0,0.11053710621205645,-0.02984249273627745,-0.0006425936297613005,0.72,-0.18,1.0
11.94185185432434,3,DF,0.11941851854324341,0.0,0.0,0.12020401478620019,-0.022210511402634116,0.0002567518860645699,0.72,-0.18,1.0
11.94185185432434,3,DF,0.11941851854324341,0.0,0.0,0.1254666315602548,-0.010306998528399516,-0.008022921319737815,0.72,-0.18,1.0
11.94185185432434,3,DF,0.11941851854324341,0.0,0.0,0.11188236206632614,-0.0067053849291604595,0.002701505265721797,0.72,-0.18,1.0
11.94185185432434,3,DF,0.11941851854324341,0.0,0.0,0.11476556928221981,-0.009497079830488276,-0.007686771955388187,0.72,-0.18,1.0
11.94185185432434,3,DF,0.11941851854324341,0.0,0.0,0.11743180893669584,-0.002548940049255626,-0.008182411994264747,0.72,-0.18,1.0
11.94185185432434,3,DF,0.11941851854324341,0.0,0.0,0.1132496892264723,-0.005826757952163702,-0.007253156171375209,0.72,-0.18,1.0
11.94185185432434,3,DF,0.11941851854324341,0.0,0.0,0.11536521634975658,-0.008930760075281475,-0.006831317661069843,0.72,-0.18,1.0
11.94185185432434,3,DF,0.11941851854324341,0.0,0.0,0.10557791826654214,0.0029486336758409388,0.0003833169470136688,0.72,-0.18,1.0
11.94185185432434,3,DF,0.11941851854324341,0.0,0.0,0.11524028056116471,0.001166178345362263,-0.005562718983890034,0.72,-0.18,1.0
11.99222207069397,3,DF,0.1199222207069397,0.0,0.0,0.11280315958165829,-0.00420377431533998,-0.006605824227219345,0.72,-0.18,1.0
11.99222207069397,3,DF,0.1199222207069397,0.0,0.0,0.10861439321759399,-0.010713098716706003,-0.013953966629177065,0.72,-0.18,1.0
11.99222207069397,3,DF,0.1199222207069397,0.0,0.0,0.11437291980902152,-0.0065944811522924435,-0.005574882706977817,0.72,-0.18,1.0
11.99222207069397,3,DF,0.1199222207069397,0.0,0.0,0.11109490452971185,-0.007504388801722863,-0.0017682513927678853,0.72,-0.18,1.0
11.99222207069397,3,DF,0.1199222207069397,0.0,0.0,0.1163649573951023,-0.0024719196933169958,-0.007348451231150084,0.72,-0.18,1.0
11.99222207069397,3,DF,0.1199222207069397,0.0,0.0,0.1260149466975032,-0.009581143789968835,-0.005267606469225954,0.72,-0.18,1.0
11.99222207069397,3,DF,0.1199222207069397,0.0,0.0,0.11624227185004954,-0.0018020222062773961,0.0019031697409493333,0.72,-0.18,1.0
11.99222207069397,3,DF,0.1199222207069397,0.0,0.0,0.1217313873193856,-0.012241514966810266,-0.010614785180828298,0.72,-0.18,1.0
11.99222207069397,3,DF,0.1199222207069397,0.0,0.0,0.11597143393773911,-0.021137246671772015,-0.000508462092222443,0.72,-0.18,1.0
11.99222207069397,3,DF,0.1199222207069397,0.0,0.0,0.11043912408054582,-0.017301649998089606,0.004307787986807006,0.72,-0.18,1.0
12.032529830932617,3,DF,0.12032529830932617,0.0,0.0,0.11254735129050779,-0.02821215289395684,0.0017868693468760357,0.72,-0.18,1.0
12.032529830932617,3,DF,0.12032529830932617,0.0,0.0,0.12079178387074904,-0.012724815590814804,6.035975982030545e-05,0.72,-0.18,1.0
12.032529830932617,3,DF,0.12032529830932617,0.0,0.0,0.11929482039105806,-0.008334451543224035,-0.003953029644331027,0.72,-0.18,1.0
12.032529830932617,3,DF,0.12032529830932617,0.0,0.0,0.125501796485991,-0.004707737579137705,0.00024324012092546285,0.72,-0.18,1.0
12.032529830932617,3,DF,0.12032529830932617,0.0,0.0,0.12149965204248138,-0.0011946786609515912,0.0006618840722890134,0.72,-0.18,1.0
12.032529830932617,3,DF,0.12032529830932617,0.0,0.0,0.12022953067141014,-0.019932555284642405,-0.011244906688565572,0.72,-0.18,1.0
12.032529830932617,3,DF,0.12032529830932617,0.0,0.0,0.11692748500004264,-0.010163674557821148,-0.00317308144517503,0.72,-0.18,1.0
12.032529830932617,3,DF,0.12032529830932617,0.0,0.0,0.12230913340689525,-0.02151462165627981,-0.007848455464595094,0.72,-0.18,1.0
12.032529830932617,3,DF,0.12032529830932617,0.0,0.0,0.12526085265379575,-0.0012408332982881082,-0.010215393084833019,0.72,-0.18,1.0
12.032529830932617,3,DF,0.12032529830932617,0.0,0.0,0.12938747188363137,0.0024229831210471242,-0.0013997925470467132,0.72,-0.18,1.0
12.072840452194214,3,DF,0.12072840452194214,0.0,0.0,0.12234303610228288,-0.010155888397804696,-0.014509923559296662,0.72,-0.18,1.0
12.072840452194214,3,DF,0.12072840452194214,0.0,0.0,0.12380777282716789,0.0026875813823411462,-0.014906414040766298,0.72,-0.18,1.0
12.072840452194214,3,DF,0.12072840452194214,0.0,0.0,0.1164082385213986,-0.013334011300280514,-0.002137533324017892,0.72,-0.18,1.0
12.072840452194214,3,DF,0.12072840452194214,0.0,0.0,0.11330491472960239,-0.012039746275950653,-0.008802581339770865,0.72,-0.18,1.0
12.072840452194214,3,DF,0.12072840452194214,0.0,0.0,0.11531340390252195,-0.00638732419445225,0.000943296844111012,0.72,-0.18,1.0
12.072840452194214,3,DF,0.12072840452194214,0.0,0.0,0.11605831833712797,-0.017285180479696564,-0.0024598811320518882,0.72,-0.18,1.0
12.072840452194214,3,DF,0.12072840452194214,0.0,0.0,0.11096412303592774,-0.010228516847395461,0.002019153116135339,0.72,-0.18,1.0
12.072840452194214,3,DF,0.12072840452194214,0.0,0.0,0.11408554223291481,-0.01603284906004457,-0.00774164420601163,0.72,-0.18,1.0
12.072840452194214,3,DF,0.12072840452194214,0.0,0.0,0.11165637899091037,-0.014229030346849924,-0.007004211889514082,0.72,-0.18,1.0
12.123215675354004,3,DF,0.12123215675354004,0.0,0.0,0.10898602641792857,-0.013558850959254408,-0.007431840721042793,0.72,-0.18,1.0
12.123215675354004,3,DF,0.12123215675354004,0.0,0.0,0.1107201908396299,-0.006538157768531099,0.002941260327430235,0.72,-0.18,1.0
12.123215675354004,3,DF,0.12123215675354004,0.0,0.0,0.10542469720805009,-0.0036815834106301336,-0.009577039386046989,0.72,-0.18,1.0
12.123215675354004,3,DF,0.12123215675354004,0.0,0.0,0.1230241183212293,-0.010909329511730808,-0.006202966736601484,0.72,-0.18,1.0
12.123215675354004,3,DF,0.12123215675354004,0.0,0.0,0.12951579851675096,-0.01400954820110096,0.003299388048836714,0.72,-0.18,1.0
12.123215675354004,3,DF,0.12123215675354004,0.0,0.0,0.12070118823621133,-0.02765544902250991,-0.007729580562103703,0.72,-0.18,1.0
12.123215675354004,3,DF,0.12123215675354004,0.0,0.0,0.11915740117500742,-0.02234749211026075,-0.008732014270311336,0.72,-0.18,1.0
12.123215675354004,3,DF,0.12123215675354004,0.0,0.0,0.11390519633284074,0.0004422119584871298,0.0011916818385061627,0.72,-0.18,1.0
12.123215675354004,3,DF,0.12123215675354004,0.0,0.0,0.10776265526990483,0.001968045092130467,0.0083989430168886,0.72,-0.18,1.0
12.123215675354004,3,DF,0.12123215675354004,0.0,0.0,0.09989122244461585,0.0011061068175771828,0.001817980059326179,0.72,-0.18,1.0
12.163522005081177,3,DF,0.12163522005081177,0.0,0.0,0.10765800190683963,-0.009707938366274984,-0.0035498782408079,0.72,-0.18,1.0
12.163522005081177,3,DF,0.12163522005081177,0.0,0.0,0.12519597156934453,-0.013055924454206912,-0.010565836960829163,0.72,-0.18,1.0
12.163522005081177,3,DF,0.12163522005081177,0.0,0.0,0.13536085370375014,-0.027251424786869562,-0.01305563425269974,0.72,-0.18,1.0
12.163522005081177,3,DF,0.12163522005081177,0.0,0.0,0.13414899402207106,-0.014964625621934546,-0.004043334669482822,0.72,-0.18,1.0
12.163522005081177,3,DF,0.12163522005081177,0.0,0.0,0.12001558757775267,-0.022911481428124412,-0.0060394579028325325,0.72,-0.18,1.0
12.163522005081177,3,DF,0.12163522005081177,0.0,0.0,0.11747524117035188,-0.01919166920663799,-0.006731373946674862,0.72,-0.18,1.0
12.163522005081177,3,DF,0.12163522005081177,0.0,0.0,0.11683286603339077,-0.013734544116729999,0.005177990421899261,0.72,-0.18,1.0
12.163522005081177,3,DF,0.12163522005081177,0.0,0.0,0.11119019029009378,-0.017936283224601755,-0.0028857972077247413,0.72,-0.18,1.0
12.163522005081177,3,DF,0.12163522005081177,0.0,0.0,0.11446920775486681,-0.01792127139036705,0.003897126340053337,0.72,-0.18,1.0
12.163522005081177,3,DF,0.12163522005081177,0.0,0.0,0.12027977160751645,-0.005514709927645404,-0.0007917411494329715,0.72,-0.18,1.0
12.203819036483765,3,DF,0.12203819036483765,0.0,0.0,0.11722734058523751,0.004100743944191819,-0.007060991718800603,0.72,-0.18,1.0
12.203819036483765,3,DF,0.12203819036483765,0.0,0.0,0.11474244051217217,-0.0008999534195634955,-6.58681605861308e-05,0.72,-0.18,1.0
12.203819036483765,3,DF,0.12203819036483765,0.0,0.0,0.11655785855326779,-0.007742169238069042,-0.0025931237816693552,0.72,-0.18,1.0
12.203819036483765,3,DF,0.12203819036483765,0.0,0.0,0.11303289934626,0.003357062181061334,-0.00429594090265951,0.72,-0.18,1.0
12.203819036483765,3,DF,0.12203819036483765,0.0,0.0,0.11004578241370425,0.001093081055360959,-0.0016149725087813004,0.72,-0.18,1.0
12.203819036483765,3,DF,0.12203819036483765,0.0,0.0,0.11430201189492664,0.0007732956974638902,-0.005261926685361634,0.72,-0.18,1.0
12.203819036483765,3,DF,0.12203819036483765,0.0,0.0,0.11264398870783505,-0.010300643409041306,0.00120205601153983,0.72,-0.18,1.0
12.203819036483765,3,DF,0.12203819036483765,0.0,0.0,0.1166440224835657,-0.005700200594909529,-0.010987571628238916,0.72,-0.18,1.0
12.203819036483765,3,DF,0.12203819036483765,0.0,0.0,0.12196649794243351,-0.008014968198456518,0.004565624249633662,0.72,-0.18,1.0
12.203819036483765,3,DF,0.12203819036483765,0.0,0.0,0.1254201631154547,-0.0038235968305699542,0.0010749968688540047,0.72,-0.18,1.0
12.244133710861206,3,DF,0.12244133710861206,0.0,0.0,0.12361938411450463,-0.004866920952163875,-0.000444207021156003,0.72,-0.18,1.0
12.244133710861206,3,DF,0.12244133710861206,0.0,0.0,0.1255531080148805,-0.007512473771740807,-0.0016079234587347202,0.72,-0.18,1.0
12.244133710861206,3,DF,0.12244133710861206,0.0,0.0,0.12042943341576157,-0.01307158062872205,0.0023931448166002395,0.72,-0.18,1.0
12.244133710861206,3,DF,0.12244133710861206,0.0,0.0,0.1202373962422605,-0.01589771779970341,-0.0016170757710972795,0.72,-0.18,1.0
12.244133710861206,3,DF,0.12244133710861206,0.0,0.0,0.11642015641309504,-0.0200010384719274,-0.004867554648501039,0.72,-0.18,1.0
12.244133710861206,3,DF,0.12244133710861206,0.0,0.0,0.1164189384713209,-0.011843706305572311,-0.006210870740505749,0.72,-0.18,1.0
12.244133710861206,3,DF,0.12244133710861206,0.0,0.0,0.12086145124837117,-0.017961635198647633,-0.011338024133417054,0.72,-0.18,1.0
12.244133710861206,3,DF,0.12244133710861206,0.0,0.0,0.1135753034223955,-0.005018021443938644,0.0005156627573124111,0.72,-0.18,1.0
12.244133710861206,3,DF,0.12244133710861206,0.0,0.0,0.12155087249172984,-0.007382667351445861,-0.016175900216095596,0.72,-0.18,1.0
12.244133710861206,3,DF,0.12244133710861206,0.0,0.0,0.11829513066858796,-0.009444544523569132,-0.014958131235958134,0.72,-0.18,1.0
12.29450011253357,3,DF,0.1229450011253357,0.0,0.0,0.1195096318624171,-0.0022110489835482595,-0.007806692491271318,0.72,-0.18,1.0
12.29450011253357,3,DF,0.1229450011253357,0.0,0.0,0.11677899943716002,-0.00118731967909844,-0.0087428723077005,0.72,-0.18,1.0
12.29450011253357,3,DF,0.1229450011253357,0.0,0.0,0.11838759019919816,-0.004660400172893547,-0.015183594529261197,0.72,-0.18,1.0
12.29450011253357,3,DF,0.1229450011253357,0.0,0.0,0.12054880467165291,-0.017975549188127535,-0.015778149493616382,0.72,-0.18,1.0
12.29450011253357,3,DF,0.1229450011253357,0.0,0.0,0.12205741468867329,-0.006523900191177212,-0.006826074920085793,0.72,-0.18,1.0
12.29450011253357,3,DF,0.1229450011253357,0.0,0.0,0.11536913058842056,-0.002198230784201767,-0.014755125887945838,0.72,-0.18,1.0
12.29450011253357,3,DF,0.1229450011253357,0.0,0.0,0.12469436194410641,-0.004710147389211047,-0.00279377154379026,0.72,-0.18,1.0
12.29450011253357,3,DF,0.1229450011253357,0.0,0.0,0.1246712553650735,-0.0015487103736517046,-0.009065966470481369,0.72,-0.18,1.0
12.29450011253357,3,DF,0.1229450011253357,0.0,0.0,0.12055751724188889,-0.00360262377057439,-0.0021661610121772395,0.72,-0.18,1.0
12.29450011253357,3,DF,0.1229450011253357,0.0,0.0,0.1206095191404086,-0.003924934393280365,-0.0009964944326002236,0.72,-0.18,1.0
12.334812641143799,3,DF,0.123348126411438,0.0,0.0,0.11427252488117187,-0.007475768218210802,-0.0036195757777399305,0.72,-0.18,1.0
12.334812641143799,3,DF,0.123348126411438,0.0,0.0,0.11663970316253702,-0.015171799219242875,-0.012852939444623816,0.72,-0.18,1.0
12.334812641143799,3,DF,0.123348126411438,0.0,0.0,0.11789191158876206,-0.014682238800183385,-0.000660194013356794,0.72,-0.18,1.0
12.334812641143799,3,DF,0.123348126411438,0.0,0.0,0.11325043984143013,-0.008383742182430919,-0.0011450672697743622,0.72,-0.18,1.0
12.334812641143799,3,DF,0.123348126411438,0.0,0.0,0.1150099545632687,-0.0120077016067438,-0.001049011873407552,0.72,-0.18,1.0
12.334812641143799,3,DF,0.123348126411438,0.0,0.0,0.11960060374671685,-0.006573894218068656,-0.005116815148347563,0.72,-0.18,1.0
12.334812641143799,3,DF,0.123348126411438,0.0,0.0,0.12423255797374634,-0.01844585165344681,0.0001330817396212208,0.72,-0.18,1.0
12.334812641143799,3,DF,0.123348126411438,0.0,0.0,0.1263194972019777,-0.013641091695376547,0.006917240616794909,0.72,-0.18,1.0
12.334812641143799,3,DF,0.123348126411438,0.0,0.0,0.1184740708339661,-0.020484919650966407,-0.005321406317303732,0.72,-0.18,1.0
12.334812641143799,3,DF,0.123348126411438,0.0,0.0,0.11085284999116465,-0.01186774097681748,-0.008145720675272508,0.72,-0.18,1.0
12.375109195709229,3,DF,0.12375109195709229,0.0,0.0,0.10556047517484553,-0.008657257222149162,-0.00565697861057513,0.72,-0.18,1.0
12.375109195709229,3,DF,0.12375109195709229,0.0,0.0,0.1106672421669526,-0.008570139229344569,-0.01262399598122728,0.72,-0.18,1.0
12.375109195709229,3,DF,0.12375109195709229,0.0,0.0,0.11575552354966476,-0.016342085090827314,-0.0025474914551683117,0.72,-0.18,1.0
12.375109195709229,3,DF,0.12375109195709229,0.0,0.0,0.11943039003257168,-0.0137261079293507,-0.008365533908246564,0.72,-0.18,1.0
12.375109195709229,3,DF,0.12375109195709229,0.0,0.0,0.12131719869772736,-0.017391409883347614,-0.0031704583655467414,0.72,-0.18,1.0
12.375109195709229,3,DF,0.12375109195709229,0.0,0.0,0.11994440508092975,-0.009870534695566405,-0.004871118751122276,0.72,-0.18,1.0
12.375109195709229,3,DF,0.12375109195709229,0.0,0.0,0.1193765119051572,-0.016096180955946872,-0.005413532644436097,0.72,-0.18,1.0
12.375109195709229,3,DF,0.12375109195709229,0.0,0.0,0.12110289986158808,0.0009787318602491727,-0.006578626260046386,0.72,-0.18,1.0
12.375109195709229,3,DF,0.12375109195709229,0.0,0.0,0.11338319751694054,-0.005138809713614766,-0.007304100240960555,0.72,-0.18,1.0
12.375109195709229,3,DF,0.12375109195709229,0.0,0.0,0.10734140332029059,0.0101870964924767,-0.013250061136141293,0.72,-0.18,1.0
12.415401220321655,3,DF,0.12415401220321655,0.0,0.0,0.10523364759786402,0.011259681771402002,-0.016082333433209438,0.72,-0.18,1.0
12.415401220321655,3,DF,0.12415401220321655,0.0,0.0,0.1191266440236703,-0.002358130413306821,-0.020830407838480114,0.72,-0.18,1.0
12.415401220321655,3,DF,0.12415401220321655,0.0,0.0,0.12206071162490181,0.002326290977026369,-0.00561603481269219,0.72,-0.18,1.0
12.415401220321655,3,DF,0.12415401220321655,0.0,0.0,0.11985752223087905,-0.003035431205021688,0.0019113590198254356,0.72,-0.18,1.0
12.415401220321655,3,DF,0.12415401220321655,0.0,0.0,0.12127546586137777,-0.016083633055552223,0.011680709368948404,0.72,-0.18,1.0
12.415401220321655,3,DF,0.12415401220321655,0.0,0.0,0.13010265300088858,-0.015566459043603367,-0.0007187544623016826,0.72,-0.18,1.0
12.415401220321655,3,DF,0.12415401220321655,0.0,0.0,0.13162066360119767,-0.019617297429132305,-0.006448451691048852,0.72,-0.18,1.0
12.415401220321655,3,DF,0.12415401220321655,0.0,0.0,0.13019070640818609,-0.012151956085906414,-0.00784077437377259,0.72,-0.18,1.0
12.415401220321655,3,DF,0.12415401220321655,0.0,0.0,0.13064632234012946,-0.015626515594298836,-0.007279462685852766,0.72,-0.18,1.0
12.415401220321655,3,DF,0.12415401220321655,0.0,0.0,0.13743208910403273,-0.012576815720088032,-0.004520307811929886,0.72,-0.18,1.0
12.465787649154663,3,DF,0.12465787649154664,0.0,0.0,0.13214240375057512,-0.0009108661467742771,-0.0060570647357654755,0.72,-0.18,1.0
12.465787649154663,3,DF,0.12465787649154664,0.0,0.0,0.1293046654637445,-0.017875153029587774,0.001637100454181836,0.72,-0.18,1.0
12.465787649154663,3,DF,0.12465787649154664,0.0,0.0,0.1209589772041891,-0.011424116577904007,0.00507712065153862,0.72,-0.18,1.0
12.465787649154663,3,DF,0.12465787649154664,0.0,0.0,0.12544877840660373,0.0010810913202137327,0.0013524595272195272,0.72,-0.18,1.0
12.465787649154663,3,DF,0.12465787649154664,0.0,0.0,0.13550977168397543,0.005112466679867629,0.009130394504959491,0.72,-0.18,1.0
12.465787649154663,3,DF,0.12465787649154664,0.0,0.0,0.1332604476974159,-0.009912299710127265,-0.0033020856267664484,0.72,-0.18,1.0
12.465787649154663,3,DF,0.12465787649154664,0.0,0.0,0.12528130919379174,-0.016103715432331404,-0.0016381794918160048,0.72,-0.18,1.0
12.465787649154663,3,DF,0.12465787649154664,0.0,0.0,0.12506359197196526,-0.005477703269358348,0.0067625702687884185,0.72,-0.18,1.0
12.465787649154663,3,DF,0.12465787649154664,0.0,0.0,0.12979006083498348,-0.02284714488426182,-0.004026719690562022,0.72,-0.18,1.0
12.465787649154663,3,DF,0.12465787649154664,0.0,0.0,0.11959643982755684,-0.012912886144379214,-0.0057519675637816466,0.72,-0.18,1.0
12.506083011627197,3,DF,0.12506083011627198,0.0,0.0,0.11687907679697782,-0.009732675773984588,-0.003308209160273189,0.72,-0.18,1.0
12.506083011627197,3,DF,0.12506083011627198,0.0,0.0,0.12295844673121288,-0.007625127756194467,0.004176698392992362,0.72,-0.18,1.0
12.506083011627197,3,DF,0.12506083011627198,0.0,0.0,0.11208961989543524,-0.012508952311622539,-0.008134666658432231,0.72,-0.18,1.0
12.506083011627197,3,DF,0.12506083011627198,0.0,0.0,0.1092238571224743,-0.015158364952028467,-0.007612243298274841,0.72,-0.18,1.0
12.506083011627197,3,DF,0.12506083011627198,0.0,0.0,0.11838830169737392,-0.020351036647138453,-0.002884512171254992,0.72,-0.18,1.0
12.506083011627197,3,DF,0.12506083011627198,0.0,0.0,0.12404556639788736,-0.0039707318886878454,-0.013343823780730842,0.72,-0.18,1.0
12.506083011627197,3,DF,0.12506083011627198,0.0,0.0,0.12258903591284206,-0.014336926523507577,-0.005187385758092172,0.72,-0.18,1.0
12.506083011627197,3,DF,0.12506083011627198,0.0,0.0,0.12338992196337704,-0.013846445132077,-0.006129855276947559,0.72,-0.18,1.0
12.506083011627197,3,DF,0.12506083011627198,0.0,0.0,0.12353996748644137,-0.0160428445820618,-0.008208390503029715,0.72,-0.18,1.0
12.506083011627197,3,DF,0.12506083011627198,0.0,0.0,0.12790394823593312,-0.0016058915327424438,-0.012705428195258255,0.72,-0.18,1.0
12.54640245437622,3,DF,0.1254640245437622,0.0,0.0,0.11920302702715224,-0.01476316780958272,-0.015333027654613798,0.72,-0.18,1.0
12.54640245437622,3,DF,0.1254640245437622,0.0,0.0,0.12568867923115956,-0.014693410612520174,-0.01087811904623072,0.72,-0.18,1.0
12.54640245437622,3,DF,0.1254640245437622,0.0,0.0,0.1266033938249894,-0.02036445078499038,-0.009439365444958433,0.72,-0.18,1.0
12.54640245437622,3,DF,0.1254640245437622,0.0,0.0,0.125615114606908,-0.0005830948275940599,0.0014327494127725476,0.72,-0.18,1.0
12.54640245437622,3,DF,0.1254640245437622,0.0,0.0,0.12253572753126755,-0.010158667342714688,-0.004412604678917404,0.72,-0.18,1.0
12.54640245437622,3,DF,0.1254640245437622,0.0,0.0,0.12364144647155925,-0.01564229134660999,-0.008436266428754282,0.72,-0.18,1.0
12.54640245437622,3,DF,0.1254640245437622,0.0,0.0,0.11405104972483544,-0.014803331407199994,-0.009002526850574566,0.72,-0.18,1.0
12.54640245437622,3,DF,0.1254640245437622,0.0,0.0,0.10946726998716785,-0.022028067561270806,-0.005516365752644824,0.72,-0.18,1.0
12.54640245437622,3,DF,0.1254640245437622,0.0,0.0,0.11737048627591105,-0.01148530273948674,-0.015428900137832489,0.72,-0.18,1.0
12.54640245437622,3,DF,0.1254640245437622,0.0,0.0,0.12099286245632714,-0.017150859477664884,0.0012353254197388858,0.72,-0.18,1.0
12.59677267074585,3,DF,0.1259677267074585,0.0,0.0,0.12091136972338806,-0.01674591371270781,-0.005150693366571457,0.72,-0.18,1.0
12.59677267074585,3,DF,0.1259677267074585,0.0,0.0,0.12678780132504033,-0.022917955777733732,0.001245189089730582,0.72,-0.18,1.0
12.59677267074585,3,DF,0.1259677267074585,0.0,0.0,0.12969855897140853,-0.02368681488196547,-0.006660610252278438,0.72,-0.18,1.0
12.59677267074585,3,DF,0.1259677267074585,0.0,0.0,0.13450932027770532,-0.021147492168035915,-0.007468305905548212,0.72,-0.18,1.0
12.59677267074585,3,DF,0.1259677267074585,0.0,0.0,0.13073478456459672,-0.02095946485190884,-0.009538364827973114,0.72,-0.18,1.0
12.59677267074585,3,DF,0.1259677267074585,0.0,0.0,0.13480880518728733,-0.004634888323890462,-0.007738522939810391,0.72,-0.18,1.0
12.59677267074585,3,DF,0.1259677267074585,0.0,0.0,0.12750871518008905,-0.00971404544350288,-0.005516413397575121,0.72,-0.18,1.0
12.59677267074585,3,DF,0.1259677267074585,0.0,0.0,0.13627371889180429,-0.018045710268126715,-0.013369061711706685,0.72,-0.18,1.0
12.59677267074585,3,DF,0.1259677267074585,0.0,0.0,0.12212720127809372,-0.018229743050635697,-0.010946116366924823,0.72,-0.18,1.0
12.59677267074585,3,DF,0.1259677267074585,0.0,0.0,0.11787766254484332,-0.018655898940216395,-0.011115000290860011,0.72,-0.18,1.0
12.63708233833313,3,DF,0.1263708233833313,0.0,0.0,0.1278617572113094,-0.02806761644949638,-0.007856726775522078,0.72,-0.18,1.0
12.63708233833313,3,DF,0.1263708233833313,0.0,0.0,0.1332343606635959,-0.01607624976404443,-0.01331088001339582,0.72,-0.18,1.0
12.63708233833313,3,DF,0.1263708233833313,0.0,0.0,0.12613439827010103,-0.022262937843430912,1.339518716258908e-05,0.72,-0.18,1.0
12.63708233833313,3,DF,0.1263708233833313,0.0,0.0,0.12417737127872572,-0.021544310451747848,-0.011162529240221146,0.72,-0.18,1.0
12.63708233833313,3,DF,0.1263708233833313,0.0,0.0,0.125400098806394,-0.013735843902022362,-0.008966472792216493,0.72,-0.18,1.0
12.63708233833313,3,DF,0.1263708233833313,0.0,0.0,0.1225240640938205,-0.015204516304878637,-0.007587653767935895,0.72,-0.18,1.0
12.63708233833313,3,DF,0.1263708233833313,0.0,0.0,0.11551124701544935,-0.0012580732047004965,-0.011530189169904352,0.72,-0.18,1.0
12.63708233833313,3,DF,0.1263708233833313,0.0,0.0,0.12549948829644836,-0.017446216378998215,-0.01666798226162603,0.72,-0.18,1.0
12.63708233833313,3,DF,0.1263708233833313,0.0,0.0,0.12939973070551714,-0.013850323920672189,-0.004837870516813586,0.72,-0.18,1.0
12.677380561828613,3,DF,0.12677380561828613,0.0,0.0,0.1355592916462221,-0.01876034657675334,-0.01165294928939326,0.72,-0.18,1.0
12.677380561828613,3,DF,0.12677380561828613,0.0,0.0,0.13244183011181485,-0.01117722309325761,-0.00836499195222683,0.72,-0.18,1.0
12.677380561828613,3,DF,0.12677380561828613,0.0,0.0,0.12902445803876955,-0.00845181306602349,-0.014937376264565606,0.72,-0.18,1.0
12.677380561828613,3,DF,0.12677380561828613,0.0,0.0,0.1284711000916358,-0.017586368162652504,-0.0037894510815404806,0.72,-0.18,1.0
12.677380561828613,3,DF,0.12677380561828613,0.0,0.0,0.12850203589985648,-0.015051220955129691,-0.01406098571393887,0.72,-0.18,1.0
12.677380561828613,3,DF,0.12677380561828613,0.0,0.0,0.12315041906790083,-0.0010717085955931772,-0.008343758165924083,0.72,-0.18,1.0
12.677380561828613,3,DF,0.12677380561828613,0.0,0.0,0.12238026782542641,-0.019747661160514657,0.00759275067848302,0.72,-0.18,1.0
12.677380561828613,3,DF,0.12677380561828613,0.0,0.0,0.12320617197582424,-0.012299295341382539,-0.005885376015556979,0.72,-0.18,1.0
12.677380561828613,3,DF,0.12677380561828613,0.0,0.0,0.13135246515579624,-0.002814759943273963,-0.0012291091793214973,0.72,-0.18,1.0
12.677380561828613,3,DF,0.12677380561828613,0.0,0.0,0.12751890718470169,-0.007423138857633944,-0.0041867501161582735,0.72,-0.18,1.0
12.71767520904541,3,DF,0.1271767520904541,0.0,0.0,0.1262127064763635,0.0011105126555699784,0.00041012416543320066,0.72,-0.18,1.0
12.71767520904541,3,DF,0.1271767520904541,0.0,0.0,0.11541969195276126,-0.011904341192473536,-0.00037215948580238606,0.72,-0.18,1.0
12.71767520904541,3,DF,0.1271767520904541,0.0,0.0,0.11342869939336532,-0.008259627226992602,0.0005518991921582814,0.72,-0.18,1.0
12.71767520904541,3,DF,0.1271767520904541,0.0,0.0,0.12518588004522835,-0.012177315043430233,-0.001743113790331645,0.72,-0.18,1.0
12.71767520904541,3,DF,0.1271767520904541,0.0,0.0,0.1320035597216436,-0.026035423267879974,-0.01073300981284308,0.72,-0.18,1.0
12.71767520904541,3,DF,0.1271767520904541,0.0,0.0,0.12144349700539496,-0.02616598255247834,-0.008445910097666072,0.72,-0.18,1.0
12.71767520904541,3,DF,0.1271767520904541,0.0,0.0,0.11847633400827498,-0.018796650144044302,-0.005538151830844545,0.72,-0.18,1.0
12.71767520904541,3,DF,0.1271767520904541,0.0,0.0,0.12168735143022813,-0.0194344162700455,-0.0025117080375129056,0.72,-0.18,1.0
12.71767520904541,3,DF,0.1271767520904541,0.0,0.0,0.12608615446682953,-0.01242735030694581,-0.006936639031943325,0.72,-0.18,1.0
12.71767520904541,3,DF,0.1271767520904541,0.0,0.0,0.13528101830690392,-0.008816929517618251,-0.007150308683915807,0.72,-0.18,1.0
12.768048524856567,3,DF,0.12768048524856568,0.0,0.0,0.13252980137132994,-0.017203686806465113,-0.00300601905649446,0.72,-0.18,1.0
12.768048524856567,3,DF,0.12768048524856568,0.0,0.0,0.121902332968109,-0.030677755158156975,-0.010720184491140398,0.72,-0.18,1.0
12.768048524856567,3,DF,0.12768048524856568,0.0,0.0,0.12770868281535372,-0.01088915818504369,-0.015930010444662825,0.72,-0.18,1.0
12.768048524856567,3,DF,0.12768048524856568,0.0,0.0,0.13103535376680192,-0.011905182526449896,-0.0121729794834693,0.72,-0.18,1.0
12.768048524856567,3,DF,0.12768048524856568,0.0,0.0,0.12943392392147185,-0.02723423849315993,-0.020188390957119228,0.72,-0.18,1.0
12.768048524856567,3,DF,0.12768048524856568,0.0,0.0,0.12493340585915669,-0.013293753149326947,-0.008093066455865721,0.72,-0.18,1.0
12.768048524856567,3,DF,0.12768048524856568,0.0,0.0,0.12609089507126434,-0.005916182174522747,-0.012513493253859417,0.72,-0.18,1.0
12.768048524856567,3,DF,0.12768048524856568,0.0,0.0,0.12512293748004877,-0.00915643622105133,0.0019784228795425834,0.72,-0.18,1.0
12.768048524856567,3,DF,0.12768048524856568,0.0,0.0,0.12870463347726022,-0.003715073587584146,-0.008503466651988409,0.72,-0.18,1.0
12.768048524856567,3,DF,0.12768048524856568,0.0,0.0,0.13335853837849398,-0.01301214312896272,-0.0030225031184327603,0.72,-0.18,1.0
12.808343172073364,3,DF,0.12808343172073364,0.0,0.0,0.1291027086357087,-0.010725431265974908,-0.001649049128304561,0.72,-0.18,1.0
12.808343172073364,3,DF,0.12808343172073364,0.0,0.0,0.13333434710475958,-0.006255973825748819,-0.002926970430849703,0.72,-0.18,1.0
12.808343172073364,3,DF,0.12808343172073364,0.0,0.0,0.11978774008889204,0.010764078730371184,0.0002251017757308092,0.72,-0.18,1.0
12.808343172073364,3,DF,0.12808343172073364,0.0,0.0,0.13168707432585153,-0.01599557621674035,0.001031846353825224,0.72,-0.18,1.0
12.808343172073364,3,DF,0.12808343172073364,0.0,0.0,0.12641985391112767,-0.0010594830106817603,0.013898014779109106,0.72,-0.18,1.0
12.808343172073364,3,DF,0.12808343172073364,0.0,0.0,0.12125128606747014,-0.01687077074385828,0.0006635457869266156,0.72,-0.18,1.0
12.808343172073364,3,DF,0.12808343172073364,0.0,0.0,0.12708208458744755,-0.000372111451466848,0.002605233454372864,0.72,-0.18,1.0
12.808343172073364,3,DF,0.12808343172073364,0.0,0.0,0.11830398906065885,-0.00525069846210559,0.0032484161096740837,0.72,-0.18,1.0
12.808343172073364,3,DF,0.12808343172073364,0.0,0.0,0.12493079313779579,-0.015291889447089382,-0.008298783314866763,0.72,-0.18,1.0
12.808343172073364,3,DF,0.12808343172073364,0.0,0.0,0.12438638489051031,-0.022400057068591345,0.0015295838376594613,0.72,-0.18,1.0
12.848647356033325,3,DF,0.12848647356033324,0.0,0.0,0.13052285841912264,-0.027136657453079072,0.0033723204466260225,0.72,-0.18,1.0
12.848647356033325,3,DF,0.12848647356033324,0.0,0.0,0.13813645852227338,-0.01398632735283093,0.005025547474831638,0.72,-0.18,1.0
12.848647356033325,3,DF,0.12848647356033324,0.0,0.0,0.13221409434527423,-0.022557005107873614,-0.0022092334035421733,0.72,-0.18,1.0
12.848647356033325,3,DF,0.12848647356033324,0.0,0.0,0.13111133334987196,-0.015325588759954873,-0.0102392646451289,0.72,-0.18,1.0
12.848647356033325,3,DF,0.12848647356033324,0.0,0.0,0.13805192958721135,-0.005488293168169512,-0.006301169649761478,0.72,-0.18,1.0
12.848647356033325,3,DF,0.12848647356033324,0.0,0.0,0.13756224219880012,-0.01888315238992247,-0.011968873300637822,0.72,-0.18,1.0
12.848647356033325,3,DF,0.12848647356033324,0.0,0.0,0.13644148785823335,-0.01220937947500186,-0.003967416603466493,0.72,-0.18,1.0
12.848647356033325,3,DF,0.12848647356033324,0.0,0.0,0.12839806889376945,-0.01583090606752435,-0.001872151798236682,0.72,-0.18,1.0
12.848647356033325,3,DF,0.12848647356033324,0.0,0.0,0.12236652437911281,-0.009574569852261981,-0.006541746176029736,0.72,-0.18,1.0
12.848647356033325,3,DF,0.12848647356033324,0.0,0.0,0.11948274711237432,-0.011635983834407289,-0.003939598948297769,0.72,-0.18,1.0
12.8990159034729,3,DF,0.12899015903472902,0.0,0.0,0.11431622305023846,-0.010386922803212656,-0.01253931729478515,0.72,-0.18,1.0
12.8990159034729,3,DF,0.12899015903472902,0.0,0.0,0.115808651860068,-0.001463846073710532,-0.01826592131744177,0.72,-0.18,1.0
12.8990159034729,3,DF,0.12899015903472902,0.0,0.0,0.11324066804580199,0.006341098805400536,-0.009686206612837079,0.72,-0.18,1.0
12.8990159034729,3,DF,0.12899015903472902,0.0,0.0,0.11478541224167736,-0.0018708583163683577,-0.004694717161764771,0.72,-0.18,1.0
12.8990159034729,3,DF,0.12899015903472902,0.0,0.0,0.1257982246125006,-0.003756381088358665,-0.0029886506902940583,0.72,-0.18,1.0
12.8990159034729,3,DF,0.12899015903472902,0.0,0.0,0.12624759933525892,-0.014595190771144986,0.0007953316210061559,0.72,-0.18,1.0
12.8990159034729,3,DF,0.12899015903472902,0.0,0.0,0.13200288210257982,-0.021227728908852196,-0.0009740194358025562,0.72,-0.18,1.0
12.8990159034729,3,DF,0.12899015903472902,0.0,0.0,0.13207253018287365,-0.01377286452961848,0.0006318009113332692,0.72,-0.18,1.0
12.8990159034729,3,DF,0.12899015903472902,0.0,0.0,0.1336269584754511,-0.02833980898723604,-0.005591367783291287,0.72,-0.18,1.0
12.8990159034729,3,DF,0.12899015903472902,0.0,0.0,0.12656280905125114,-0.015540473277496074,-0.005619821668891361,0.72,-0.18,1.0
12.939327955245972,3,DF,0.12939327955245972,0.0,0.0,0.13048358719016195,-0.00856549521532349,-0.0044659386106563805,0.72,-0.18,1.0
12.939327955245972,3,DF,0.12939327955245972,0.0,0.0,0.12220409691626141,-0.019365624312574915,-0.011358690573436565,0.72,-0.18,1.0
12.939327955245972,3,DF,0.12939327955245972,0.0,0.0,0.12270482465291711,-0.03308299717749197,-0.007098973797368979,0.72,-0.18,1.0
12.939327955245972,3,DF,0.12939327955245972,0.0,0.0,0.1162061860697269,-0.03514549794008033,-0.012827733909906469,0.72,-0.18,1.0
12.939327955245972,3,DF,0.12939327955245972,0.0,0.0,0.12012764664592608,-0.014538531172573997,-0.01295896032777571,0.72,-0.18,1.0
12.939327955245972,3,DF,0.12939327955245972,0.0,0.0,0.12329840453249416,-0.030150628706207744,-0.014980418092373871,0.72,-0.18,1.0
12.939327955245972,3,DF,0.12939327955245972,0.0,0.0,0.11981998566542632,-0.04189377101506153,-0.008979002433227922,0.72,-0.18,1.0
12.939327955245972,3,DF,0.12939327955245972,0.0,0.0,0.1285990430513379,-0.04309763097449953,-0.010982284573133841,0.72,-0.18,1.0
12.939327955245972,3,DF,0.12939327955245972,0.0,0.0,0.12892268999076562,-0.03219631555052919,-0.005506483256283088,0.72,-0.18,1.0
12.939327955245972,3,DF,0.12939327955245972,0.0,0.0,0.13068912880577047,-0.02948509229608305,-0.009866597878137926,0.72,-0.18,1.0
12.979626417160034,3,DF,0.12979626417160034,0.0,0.0,0.1305658922847979,-0.0160986199359191,-0.006765371440617682,0.72,-0.18,1.0
12.979626417160034,3,DF,0.12979626417160034,0.0,0.0,0.11641442976954412,-0.013587126525687818,-0.004760034142324839,0.72,-0.18,1.0
12.979626417160034,3,DF,0.12979626417160034,0.0,0.0,0.1140747319880276,-0.023316345587035138,0.0019285155913469011,0.72,-0.18,1.0
12.979626417160034,3,DF,0.12979626417160034,0.0,0.0,0.12319677318998452,-0.015252696864144856,-0.0011038322111450397,0.72,-0.18,1.0
12.979626417160034,3,DF,0.12979626417160034,0.0,0.0,0.12187454510620302,-0.018888839106922607,-6.620939018117822e-05,0.72,-0.18,1.0
12.979626417160034,3,DF,0.12979626417160034,0.0,0.0,0.12715655669761158,0.0027210475244621767,-0.007916401344464826,0.72,-0.18,1.0
12.979626417160034,3,DF,0.12979626417160034,0.0,0.0,0.12410807650688528,0.00388918488704984,-0.001505654007524738,0.72,-0.18,1.0
12.979626417160034,3,DF,0.12979626417160034,0.0,0.0,0.12075461448987325,0.0011609167789489855,0.001951905322584416,0.72,-0.18,1.0
12.979626417160034,3,DF,0.12979626417160034,0.0,0.0,0.12137965957597201,-0.0019512419373460925,0.007693680842495767,0.72,-0.18,1.0
12.979626417160034,3,DF,0.12979626417160034,0.0,0.0,0.12633578392969472,-0.00312355298521337,0.0022458258013535737,0.72,-0.18,1.0
13.019918441772461,3,DF,0.1301991844177246,0.0,0.0,0.1275913119318567,0.0022585205803619,-0.005543720790337233,0.72,-0.18,1.0
13.019918441772461,3,DF,0.1301991844177246,0.0,0.0,0.11902545724588254,0.0010915032440551359,-0.006994273965556615,0.72,-0.18,1.0
13.019918441772461,3,DF,0.1301991844177246,0.0,0.0,0.1259050334508958,-0.0059927585781994405,-0.011909923861103677,0.72,-0.18,1.0
13.019918441772461,3,DF,0.1301991844177246,0.0,0.0,0.13426477277795337,-0.011358736472967718,-0.011401073456537547,0.72,-0.18,1.0
13.019918441772461,3,DF,0.1301991844177246,0.0,0.0,0.1262462559736482,-0.0016487643417519367,-0.010056443672256669,0.72,-0.18,1.0
13.019918441772461,3,DF,0.1301991844177246,0.0,0.0,0.12149727543656892,-0.012988081401771505,-0.006286726903088372,0.72,-0.18,1.0
13.019918441772461,3,DF,0.1301991844177246,0.0,0.0,0.12201044307435338,-0.003051512709914923,3.3568069020111635e-05,0.72,-0.18,1.0
13.019918441772461,3,DF,0.1301991844177246,0.0,0.0,0.12325290646349668,-0.023065578277573502,-0.005805548700264743,0.72,-0.18,1.0
13.019918441772461,3,DF,0.1301991844177246,0.0,0.0,0.1228081986960434,-0.013459731285277348,-0.007869792773125944,0.72,-0.18,1.0
13.019918441772461,3,DF,0.1301991844177246,0.0,0.0,0.12791801899601188,-0.010516492152400114,-0.007624088376013166,0.72,-0.18,1.0
13.070288896560669,3,DF,0.1307028889656067,0.0,0.0,0.13577822461107228,-0.024311636149555442,-0.006809655914615835,0.72,-0.18,1.0
13.070288896560669,3,DF,0.1307028889656067,0.0,0.0,0.13455961503383657,-0.013358433831036135,0.002013558545124623,0.72,-0.18,1.0
13.070288896560669,3,DF,0.1307028889656067,0.0,0.0,0.13114160440109104,-0.016704711948935174,-0.0031562031601712532,0.72,-0.18,1.0
13.070288896560669,3,DF,0.1307028889656067,0.0,0.0,0.1345506182079672,-0.018236385198163424,-0.004440457887559288,0.72,-0.18,1.0
13.070288896560669,3,DF,0.1307028889656067,0.0,0.0,0.12886310303307916,-0.002928920924358404,-0.006789870671439125,0.72,-0.18,1.0
13.070288896560669,3,DF,0.1307028889656067,0.0,0.0,0.12789117580545686,-0.0010966833295772153,-0.0051015541707253005,0.72,-0.18,1.0
13.070288896560669,3,DF,0.1307028889656067,0.0,0.0,0.13104701374592667,-0.020415777866981816,-0.010520011706855216,0.72,-0.18,1.0
13.070288896560669,3,DF,0.1307028889656067,0.0,0.0,0.1353378261887951,-0.009741489084918084,-0.0034311660189425687,0.72,-0.18,1.0
13.070288896560669,3,DF,0.1307028889656067,0.0,0.0,0.12913998174177696,0.002456273582447637,0.0014951093168096626,0.72,-0.18,1.0
13.070288896560669,3,DF,0.1307028889656067,0.0,0.0,0.13520573529207447,-0.019742826540972626,-0.007710954361353629,0.72,-0.18,1.0
13.110585927963257,3,DF,0.13110585927963256,0.0,0.0,0.1232891944641785,-0.0206109904393923,-0.006657986008682931,0.72,-0.18,1.0
13.110585927963257,3,DF,0.13110585927963256,0.0,0.0,0.12154141763568761,-0.0032453683095082495,-0.005962509918310104,0.72,-0.18,1.0
13.110585927963257,3,DF,0.13110585927963256,0.0,0.0,0.12162317754216062,-0.0205510805013118,-0.007163251973529763,0.72,-0.18,1.0
13.110585927963257,3,DF,0.13110585927963256,0.0,0.0,0.1311497355771838,-0.010347713060866426,-0.003720892569141627,0.72,-0.18,1.0
13.110585927963257,3,DF,0.13110585927963256,0.0,0.0,0.12688629304879726,-0.018241573731104323,-0.007543288021425576,0.72,-0.18,1.0
13.110585927963257,3,DF,0.13110585927963256,0.0,0.0,0.13463463542945256,-0.011872127360879534,-0.0011311354317508917,0.72,-0.18,1.0
13.110585927963257,3,DF,0.13110585927963256,0.0,0.0,0.12909316190428693,-0.006376880503372335,0.0010594707437993297,0.72,-0.18,1.0
13.110585927963257,3,DF,0.13110585927963256,0.0,0.0,0.12603918765394662,-0.0133029415518714,-0.008710352450779557,0.72,-0.18,1.0
13.110585927963257,3,DF,0.13110585927963256,0.0,0.0,0.13077568633638392,-0.02728981644499573,-0.0024102211406278745,0.72,-0.18,1.0
13.110585927963257,3,DF,0.13110585927963256,0.0,0.0,0.12562467401337662,-0.013949232400855415,-0.0023273275656306774,0.72,-0.18,1.0
13.150888919830322,3,DF,0.13150888919830322,0.0,0.0,0.120587382800907,-0.016378281600070793,-0.008390498389576518,0.72,-0.18,1.0
13.150888919830322,3,DF,0.13150888919830322,0.0,0.0,0.11204124351527164,-0.02066153124203142,-0.0014815319188749405,0.72,-0.18,1.0
13.150888919830322,3,DF,0.13150888919830322,0.0,0.0,0.12353627427458,-0.009563343550391292,-0.0007758633683961178,0.72,-0.18,1.0
13.150888919830322,3,DF,0.13150888919830322,0.0,0.0,0.12958317402936287,-0.019043414594150307,-0.004444830209532906,0.72,-0.18,1.0
13.150888919830322,3,DF,0.13150888919830322,0.0,0.0,0.11824282212561264,-0.0075567054004602365,-0.0012055250814309148,0.72,-0.18,1.0
13.150888919830322,3,DF,0.13150888919830322,0.0,0.0,0.11055616338860026,-0.012891395832963061,-0.0012010092473892845,0.72,-0.18,1.0
13.150888919830322,3,DF,0.13150888919830322,0.0,0.0,0.11293507861431848,-0.013503924044265068,-0.006778203273813236,0.72,-0.18,1.0
13.150888919830322,3,DF,0.13150888919830322,0.0,0.0,0.11457920222440068,-0.0008757034794843557,-0.008561837071338889,0.72,-0.18,1.0
13.150888919830322,3,DF,0.13150888919830322,0.0,0.0,0.11977550537199501,-0.015471757372235391,-0.005544003687221776,0.72,-0.18,1.0
13.191182613372803,3,DF,0.13191182613372804,0.0,0.0,0.1313237430111485,-0.00923400975770449,-0.008745756187086869,0.72,-0.18,1.0
13.191182613372803,3,DF,0.13191182613372804,0.0,0.0,0.12343443008722405,-0.008842858603228951,-0.0036781657379102656,0.72,-0.18,1.0
13.191182613372803,3,DF,0.13191182613372804,0.0,0.0,0.12902638231621202,-0.012523282271361407,-0.00995179170699928,0.72,-0.18,1.0
13.191182613372803,3,DF,0.13191182613372804,0.0,0.0,0.12159899029754397,-0.0047986104739754735,-0.007168679265882085,0.72,-0.18,1.0
13.191182613372803,3,DF,0.13191182613372804,0.0,0.0,0.11549737992198678,-0.007257191996027598,-0.009858101598276737,0.72,-0.18,1.0
13.191182613372803,3,DF,0.13191182613372804,0.0,0.0,0.11042068582078447,-0.009000604256990596,-0.008015503992672809,0.72,-0.18,1.0
13.191182613372803,3,DF,0.13191182613372804,0.0,0.0,0.11804601172286863,-0.01998732486574388,0.00036953898492253246,0.72,-0.18,1.0
13.191182613372803,3,DF,0.13191182613372804,0.0,0.0,0.12160810240008102,-0.01892202989379346,0.0024759188366108623,0.72,-0.18,1.0
13.191182613372803,3,DF,0.13191182613372804,0.0,0.0,0.1304009128992662,-0.013227851368147834,0.005620636144793589,0.72,-0.18,1.0
13.191182613372803,3,DF,0.13191182613372804,0.0,0.0,0.1327311518716936,-0.01668676853213062,0.0026840272349463994,0.72,-0.18,1.0
13.241573095321655,3,DF,0.13241573095321654,0.0,0.0,0.13397807641170925,-0.006685800607971868,0.0009132371941084392,0.72,-0.18,1.0
13.241573095321655,3,DF,0.13241573095321654,0.0,0.0,0.12402973412580591,-0.01884679807955865,-0.0014960680042808646,0.72,-0.18,1.0
13.241573095321655,3,DF,0.13241573095321654,0.0,0.0,0.13419236795506437,-0.016344824663127186,-0.0016581754912071362,0.72,-0.18,1.0
13.241573095321655,3,DF,0.13241573095321654,0.0,0.0,0.1340543146936282,-0.0013889392570036686,-0.011166524020197232,0.72,-0.18,1.0
13.241573095321655,3,DF,0.13241573095321654,0.0,0.0,0.1358555824833367,0.0009789635020968099,-0.010230911921370317,0.72,-0.18,1.0
13.241573095321655,3,DF,0.13241573095321654,0.0,0.0,0.13203448151077257,0.015214257998741374,-0.01182929914028756,0.72,-0.18,1.0
13.241573095321655,3,DF,0.13241573095321654,0.0,0.0,0.12253857727899449,-0.005638895357849439,0.00335861021337189,0.72,-0.18,1.0
13.241573095321655,3,DF,0.13241573095321654,0.0,0.0,0.11942216381212514,-0.0008945651050595877,-0.0010803775993142738,0.72,-0.18,1.0
13.241573095321655,3,DF,0.13241573095321654,0.0,0.0,0.11278736286578642,-0.004006422993126297,-0.004875784210002153,0.72,-0.18,1.0
13.241573095321655,3,DF,0.13241573095321654,0.0,0.0,0.11185721927033712,-0.008641312114620459,-0.004705626825626895,0.72,-0.18,1.0
13.281874179840088,3,DF,0.1328187417984009,0.0,0.0,0.12290656386192225,-0.0070729760847991156,-0.004425043726906556,0.72,-0.18,1.0
13.281874179840088,3,DF,0.1328187417984009,0.0,0.0,0.11616694158597164,-0.007772032748065362,-0.006846432754212604,0.72,-0.18,1.0
13.281874179840088,3,DF,0.1328187417984009,0.0,0.0,0.12129291917619225,-0.011942516836437881,-0.011444738329623857,0.72,-0.18,1.0
13.281874179840088,3,DF,0.1328187417984009,0.0,0.0,0.1203528122722322,-0.029855187283141904,-0.004596139895918948,0.72,-0.18,1.0
13.281874179840088,3,DF,0.1328187417984009,0.0,0.0,0.11995336095703207,-0.012531760311648082,-0.0026420746741428244,0.72,-0.18,1.0
13.281874179840088,3,DF,0.1328187417984009,0.0,0.0,0.13204844669515423,-0.012247123036758237,-0.006730705557485731,0.72,-0.18,1.0
13.281874179840088,3,DF,0.1328187417984009,0.0,0.0,0.14207160531087745,-0.003944508999477312,-0.007102997483086672,0.72,-0.18,1.0
13.281874179840088,3,DF,0.1328187417984009,0.0,0.0,0.14502316208595353,0.0020443107247605104,-0.0002407638766569063,0.72,-0.18,1.0
13.281874179840088,3,DF,0.1328187417984009,0.0,0.0,0.14196028122664311,-0.007326269009768686,-0.002863860592542616,0.72,-0.18,1.0
13.281874179840088,3,DF,0.1328187417984009,0.0,0.0,0.1336734774754533,-0.0013226596430634659,-0.01382665671199589,0.72,-0.18,1.0
13.322168350219727,3,DF,0.13322168350219726,0.0,0.0,0.14305913417728466,-0.011823959441839843,-0.00504439583978451,0.72,-0.18,1.0
13.322168350219727,3,DF,0.13322168350219726,0.0,0.0,0.13398375716403968,-0.013166962920379874,-0.0027038150973901355,0.72,-0.18,1.0
13.322168350219727,3,DF,0.13322168350219726,0.0,0.0,0.1264662900280533,-0.01410120970913815,-0.012756617972021345,0.72,-0.18,1.0
13.322168350219727,3,DF,0.13322168350219726,0.0,0.0,0.11918745823913156,-0.0147408650934066,-0.01207957142627152,0.72,-0.18,1.0
13.322168350219727,3,DF,0.13322168350219726,0.0,0.0,0.11375645079193632,-0.02139002917472543,0.004771550125710904,0.72,-0.18,1.0
13.322168350219727,3,DF,0.13322168350219726,0.0,0.0,0.1096059258252358,-0.008919548390263217,0.009612140420730355,0.72,-0.18,1.0
13.322168350219727,3,DF,0.13322168350219726,0.0,0.0,0.11084097020801992,-0.009176380660232757,0.007032645083178634,0.72,-0.18,1.0
13.322168350219727,3,DF,0.13322168350219726,0.0,0.0,0.11966607776286935,-0.009195504328991763,-0.005223700860831866,0.72,-0.18,1.0
13.322168350219727,3,DF,0.13322168350219726,0.0,0.0,0.1217449319142531,-0.005903777344878516,-0.005091659045870875,0.72,-0.18,1.0
13.322168350219727,3,DF,0.13322168350219726,0.0,0.0,0.12023408958235192,0.0006635636063861269,-0.007369220373008321,0.72,-0.18,1.0
13.362486600875854,3,DF,0.13362486600875856,0.0,0.0,0.12549907459320672,-0.011502479632563078,-0.013688756485601567,0.72,-0.18,1.0
13.362486600875854,3,DF,0.13362486600875856,0.0,0.0,0.12100148265199856,-0.012190574762836418,-0.004323643613921542,0.72,-0.18,1.0
13.362486600875854,3,DF,0.13362486600875856,0.0,0.0,0.11716412617536785,0.003350534765133897,-0.012402008696496514,0.72,-0.18,1.0
13.362486600875854,3,DF,0.13362486600875856,0.0,0.0,0.1307922787591463,-0.0032394973515539314,-0.016543143482946637,0.72,-0.18,1.0
13.362486600875854,3,DF,0.13362486600875856,0.0,0.0,0.12910383631135083,-0.009711330846162925,-0.0010722118485670886,0.72,-0.18,1.0
13.362486600875854,3,DF,0.13362486600875856,0.0,0.0,0.1237549682557466,-0.006229130795566973,-0.008418803826340934,0.72,-0.18,1.0
13.362486600875854,3,DF,0.13362486600875856,0.0,0.0,0.1313835424761782,-0.007272395985945361,-0.013260845631271582,0.72,-0.18,1.0
13.362486600875854,3,DF,0.13362486600875856,0.0,0.0,0.125684832156668,-0.015710216424512837,-0.018688731629554055,0.72,-0.18,1.0
13.362486600875854,3,DF,0.13362486600875856,0.0,0.0,0.12564368351669652,-0.018107876603410747,-0.007817245687167011,0.72,-0.18,1.0
13.362486600875854,3,DF,0.13362486600875856,0.0,0.0,0.1328054399859663,-0.01276669658986601,-0.007065054525356229,0.72,-0.18,1.0
13.412854671478271,3,DF,0.13412854671478272,0.0,0.0,0.11974478550857211,-0.006118336046467183,-0.0014284655713823497,0.72,-0.18,1.0
13.412854671478271,3,DF,0.13412854671478272,0.0,0.0,0.11251212068400619,-0.0034691896193613466,0.008348335513267373,0.72,-0.18,1.0
13.412854671478271,3,DF,0.13412854671478272,0.0,0.0,0.12087800163002112,-0.00935906401802486,0.016742927970081384,0.72,-0.18,1.0
13.412854671478271,3,DF,0.13412854671478272,0.0,0.0,0.1256327333732564,-0.012945013137920567,0.022310711026155304,0.72,-0.18,1.0
13.412854671478271,3,DF,0.13412854671478272,0.0,0.0,0.11427866625659837,-0.014035732299860678,0.023665362703875658,0.72,-0.18,1.0
13.412854671478271,3,DF,0.13412854671478272,0.0,0.0,0.11627062848135554,-0.009938116553265219,0.012023378330299123,0.72,-0.18,1.0
13.412854671478271,3,DF,0.13412854671478272,0.0,0.0,0.12199917573505697,-0.008843698389619466,0.011568648846920984,0.72,-0.18,1.0
13.412854671478271,3,DF,0.13412854671478272,0.0,0.0,0.12133433119904186,-0.01547469633613652,0.011396725444861672,0.72,-0.18,1.0
13.412854671478271,3,DF,0.13412854671478272,0.0,0.0,0.11948673644657083,-0.021638057522403147,0.016209184984583087,0.72,-0.18,1.0
13.412854671478271,3,DF,0.13412854671478272,0.0,0.0,0.12391921699218926,-0.025835464206875658,0.0009639763911420119,0.72,-0.18,1.0
13.45316219329834,3,DF,0.1345316219329834,0.0,0.0,0.12681607642037449,-0.01913075533869195,-0.007598127606633146,0.72,-0.18,1.0
13.45316219329834,3,DF,0.1345316219329834,0.0,0.0,0.1233378567441991,-0.01818364527195084,-0.0022947440902342177,0.72,-0.18,1.0
13.45316219329834,3,DF,0.1345316219329834,0.0,0.0,0.12530491177788558,-0.013850257160714351,0.00108552149392233,0.72,-0.18,1.0
13.45316219329834,3,DF,0.1345316219329834,0.0,0.0,0.12311894243039229,-0.007495295298510151,-0.0048890291622849455,0.72,-0.18,1.0
13.45316219329834,3,DF,0.1345316219329834,0.0,0.0,0.11973434275862754,-0.011140622462049513,-0.004812882506322169,0.72,-0.18,1.0
13.45316219329834,3,DF,0.1345316219329834,0.0,0.0,0.12732898665540687,-0.01793955664766352,-0.009864199847518629,0.72,-0.18,1.0
13.45316219329834,3,DF,0.1345316219329834,0.0,0.0,0.12434789776465699,-0.0221175757469224,-0.010595549549987166,0.72,-0.18,1.0
13.45316219329834,3,DF,0.1345316219329834,0.0,0.0,0.12436263127806539,-0.01210922422596084,-0.002584917494360653,0.72,-0.18,1.0
13.45316219329834,3,DF,0.1345316219329834,0.0,0.0,0.1265838827624097,-0.006645760021794222,-0.003744430049986107,0.72,-0.18,1.0
13.45316219329834,3,DF,0.1345316219329834,0.0,0.0,0.12309205230332781,-0.008708314025918401,-0.006827580147910595,0.72,-0.18,1.0
13.49345850944519,3,DF,0.13493458509445191,0.0,0.0,0.12583354090944437,-0.012576422717472406,-0.010275691091750605,0.72,-0.18,1.0
13.49345850944519,3,DF,0.13493458509445191,0.0,0.0,0.1256720068690817,-0.011252943109939172,-0.011773962631650809,0.72,-0.18,1.0
13.49345850944519,3,DF,0.13493458509445191,0.0,0.0,0.12648704044498624,-0.013924662621362473,0.001936307225165296,0.72,-0.18,1.0
13.49345850944519,3,DF,0.13493458509445191,0.0,0.0,0.12370277399458461,-0.017992544069854302,0.0007238071175729426,0.72,-0.18,1.0
13.49345850944519,3,DF,0.13493458509445191,0.0,0.0,0.1317447682895386,-0.013905155361663719,-0.0023898235530038377,0.72,-0.18,1.0
13.49345850944519,3,DF,0.13493458509445191,0.0,0.0,0.13258990547412533,-0.015891813901338248,-0.0018109386352071753,0.72,-0.18,1.0
13.49345850944519,3,DF,0.13493458509445191,0.0,0.0,0.13180242482299948,-0.011253253366850458,-0.0016952623105281504,0.72,-0.18,1.0
13.49345850944519,3,DF,0.13493458509445191,0.0,0.0,0.13727088862405365,-0.009314518880284145,0.0022331445994236048,0.72,-0.18,1.0
13.49345850944519,3,DF,0.13493458509445191,0.0,0.0,0.13167832087779122,-0.01568724462014529,-0.0005120316108439643,0.72,-0.18,1.0
13.49345850944519,3,DF,0.13493458509445191,0.0,0.0,0.13292358677104754,-0.019880922420900674,-0.0031215231811846274,0.72,-0.18,1.0
13.543850898742676,3,DF,0.13543850898742676,0.0,0.0,0.13135164732034146,-0.021916147897456755,-0.007739789072728529,0.72,-0.18,1.0
13.543850898742676,3,DF,0.13543850898742676,0.0,0.0,0.13176000853126335,-0.023274691547963692,-0.007111030260112096,0.72,-0.18,1.0
13.543850898742676,3,DF,0.13543850898742676,0.0,0.0,0.13147076552387332,-0.017781872669404893,-0.004036051577213718,0.72,-0.18,1.0
13.543850898742676,3,DF,0.13543850898742676,0.0,0.0,0.1324911894207407,-0.011261197141504527,-0.0005205493961074076,0.72,-0.18,1.0
13.543850898742676,3,DF,0.13543850898742676,0.0,0.0,0.12576896921109618,-0.013580549602443877,-0.003876363996613735,0.72,-0.18,1.0
13.543850898742676,3,DF,0.13543850898742676,0.0,0.0,0.1301626596187741,-0.023140613723908608,-0.011625304608207055,0.72,-0.18,1.0
13.543850898742676,3,DF,0.13543850898742676,0.0,0.0,0.13110403247830388,-0.021157198071770095,-0.017315450216233368,0.72,-0.18,1.0
13.543850898742676,3,DF,0.13543850898742676,0.0,0.0,0.1285362748960021,-0.01854732930197229,-0.02175863816895325,0.72,-0.18,1.0
13.543850898742676,3,DF,0.13543850898742676,0.0,0.0,0.1313096214549791,-0.017315500704180187,-0.009306218338094398,0.72,-0.18,1.0
13.543850898742676,3,DF,0.13543850898742676,0.0,0.0,0.12823816075705657,-0.0035575455203178444,0.002145509757764304,0.72,-0.18,1.0
13.584144353866577,3,DF,0.13584144353866578,0.0,0.0,0.12916577290123352,-0.023035865770914512,-0.006989531737649149,0.72,-0.18,1.0
13.584144353866577,3,DF,0.13584144353866578,0.0,0.0,0.13819439021569146,-0.012288949028558491,-0.0007404103124556882,0.72,-0.18,1.0
13.584144353866577,3,DF,0.13584144353866578,0.0,0.0,0.1263209251018653,-0.009828899580051903,-0.004624865260169233,0.72,-0.18,1.0
13.584144353866577,3,DF,0.13584144353866578,0.0,0.0,0.12082105705803067,-0.02244680537800854,0.003917488294843786,0.72,-0.18,1.0
13.584144353866577,3,DF,0.13584144353866578,0.0,0.0,0.12270789590315362,-0.01962128842938641,-0.0030347204196049093,0.72,-0.18,1.0
13.584144353866577,3,DF,0.13584144353866578,0.0,0.0,0.13136492892242108,-0.021952046122663015,0.0056343258288733015,0.72,-0.18,1.0
13.584144353866577,3,DF,0.13584144353866578,0.0,0.0,0.13686236100708746,-0.017610578429126344,-0.006031469859779595,0.72,-0.18,1.0
13.584144353866577,3,DF,0.13584144353866578,0.0,0.0,0.13369075242849612,-0.0078521329302143,0.0025645787000131274,0.72,-0.18,1.0
13.584144353866577,3,DF,0.13584144353866578,0.0,0.0,0.1379363699433386,-0.011380660266217124,-0.0044318189847172215,0.72,-0.18,1.0
13.584144353866577,3,DF,0.13584144353866578,0.0,0.0,0.13049320415004698,-0.0053241534017967815,-0.0012420044635743782,0.72,-0.18,1.0
13.624454736709595,3,DF,0.13624454736709596,0.0,0.0,0.12438158117173766,0.0013636888547504673,-0.007061852455373867,0.72,-0.18,1.0
13.624454736709595,3,DF,0.13624454736709596,0.0,0.0,0.1281566432512548,0.006321011768329057,-0.007865163319857616,0.72,-0.18,1.0
13.624454736709595,3,DF,0.13624454736709596,0.0,0.0,0.1288055400973064,0.0037294685449776486,-0.004725546368169613,0.72,-0.18,1.0
13.624454736709595,3,DF,0.13624454736709596,0.0,0.0,0.135508206272986,-0.008934274159883644,-0.006813620308988879,0.72,-0.18,1.0
13.624454736709595,3,DF,0.13624454736709596,0.0,0.0,0.14129229669559862,-0.008167575030137373,0.0013723500655639072,0.72,-0.18,1.0
13.624454736709595,3,DF,0.13624454736709596,0.0,0.0,0.13229709348529356,-0.008643484114919844,-0.008328689976733607,0.72,-0.18,1.0
13.624454736709595,3,DF,0.13624454736709596,0.0,0.0,0.12481886885768413,-0.015697991478248477,-0.0045068846817313156,0.72,-0.18,1.0
13.624454736709595,3,DF,0.13624454736709596,0.0,0.0,0.12359633099006846,0.0006210600443027686,-0.010597110324085878,0.72,-0.18,1.0
13.624454736709595,3,DF,0.13624454736709596,0.0,0.0,0.12384246602898004,-5.295754628556871e-05,-0.008774072869911574,0.72,-0.18,1.0
13.624454736709595,3,DF,0.13624454736709596,0.0,0.0,0.12782571187341532,-0.014042255288337229,-0.011467577288198416,0.72,-0.18,1.0
13.664761304855347,3,DF,0.13664761304855347,0.0,0.0,0.13328644031994463,-0.00952877206314785,-0.008193108033169506,0.72,-0.18,1.0
13.664761304855347,3,DF,0.13664761304855347,0.0,0.0,0.13396319342311275,-0.002072861470324895,8.49322830136547e-05,0.72,-0.18,1.0
13.664761304855347,3,DF,0.13664761304855347,0.0,0.0,0.133946221418839,-0.015682427122554923,-0.007804022778078587,0.72,-0.18,1.0
13.664761304855347,3,DF,0.13664761304855347,0.0,0.0,0.1416522124333608,-0.004696762420518356,-0.008796130171722585,0.72,-0.18,1.0
13.664761304855347,3,DF,0.13664761304855347,0.0,0.0,0.13107044936051088,-0.011435326304463448,-0.0026621082898250015,0.72,-0.18,1.0
13.664761304855347,3,DF,0.13664761304855347,0.0,0.0,0.12787893720065635,-0.019151154277710587,0.0004815295797454672,0.72,-0.18,1.0
13.664761304855347,3,DF,0.13664761304855347,0.0,0.0,0.13092069425458816,-0.007333057642202835,0.0005973633331430782,0.72,-0.18,1.0
13.664761304855347,3,DF,0.13664761304855347,0.0,0.0,0.1323806309941943,-0.01791776915414559,0.007909552233209372,0.72,-0.18,1.0
13.664761304855347,3,DF,0.13664761304855347,0.0,0.0,0.1301181671098879,-0.014599679788307144,0.001217562478547862,0.72,-0.18,1.0
13.664761304855347,3,DF,0.13664761304855347,0.0,0.0,0.13406854650064426,-0.018901181065454638,-0.00996797524543423,0.72,-0.18,1.0
13.71513032913208,3,DF,0.1371513032913208,0.0,0.0,0.12923805667024613,-0.006333454770653071,-0.0027495893087202895,0.72,-0.18,1.0
13.71513032913208,3,DF,0.1371513032913208,0.0,0.0,0.13241005650965446,-0.009572486062549516,-0.005343628489266833,0.72,-0.18,1.0
13.71513032913208,3,DF,0.1371513032913208,0.0,0.0,0.13913120926651135,-0.008632831327172616,-0.0024005765274755656,0.72,-0.18,1.0
13.71513032913208,3,DF,0.1371513032913208,0.0,0.0,0.14052660626120406,-0.005466067499812183,0.005786448307296166,0.72,-0.18,1.0
13.71513032913208,3,DF,0.1371513032913208,0.0,0.0,0.14913686483838828,-0.008576401178444822,-0.0029209197863507732,0.72,-0.18,1.0
13.71513032913208,3,DF,0.1371513032913208,0.0,0.0,0.14587079873783584,-0.013849338566657135,0.0023262799557862025,0.72,-0.18,1.0
13.71513032913208,3,DF,0.1371513032913208,0.0,0.0,0.1430793295412279,-0.008139846269644386,-0.012591340715789951,0.72,-0.18,1.0
13.71513032913208,3,DF,0.1371513032913208,0.0,0.0,0.14105019594797516,-0.01927395341933104,-0.019331377729246958,0.72,-0.18,1.0
13.71513032913208,3,DF,0.1371513032913208,0.0,0.0,0.15008044696519587,-0.012659994456392404,-0.0053357744311344334,0.72,-0.18,1.0
13.755443334579468,3,DF,0.13755443334579467,0.0,0.0,0.15228559109303244,-0.011742082374436085,-0.011921806731376893,0.72,-0.18,1.0
13.755443334579468,3,DF,0.13755443334579467,0.0,0.0,0.13723300843640926,-0.001877094520240095,0.0008075161506785366,0.72,-0.18,1.0
13.755443334579468,3,DF,0.13755443334579467,0.0,0.0,0.13882946171931032,-0.015147020102741866,-0.009532029072253725,0.72,-0.18,1.0
13.755443334579468,3,DF,0.13755443334579467,0.0,0.0,0.14061148287093636,-0.020802780440573224,-0.0073280273560647514,0.72,-0.18,1.0
13.755443334579468,3,DF,0.13755443334579467,0.0,0.0,0.13930581420032645,-0.01034100366415657,-0.006946070699972751,0.72,-0.18,1.0
13.755443334579468,3,DF,0.13755443334579467,0.0,0.0,0.1309089077930767,-0.014673865261325433,-0.005753243853807274,0.72,-0.18,1.0
13.755443334579468,3,DF,0.13755443334579467,0.0,0.0,0.14139529085312466,-0.009768406356212395,-0.0031093791859123075,0.72,-0.18,1.0
13.755443334579468,3,DF,0.13755443334579467,0.0,0.0,0.14464755711299973,-0.01707170972507887,0.004088737396478195,0.72,-0.18,1.0
13.755443334579468,3,DF,0.13755443334579467,0.0,0.0,0.13984984491174055,-0.015112689880419463,-0.002483150596905101,0.72,-0.18,1.0
13.755443334579468,3,DF,0.13755443334579467,0.0,0.0,0.13596000837858555,-0.005248448465206136,-0.006815337414439108,0.72,-0.18,1.0
13.79573655128479,3,DF,0.1379573655128479,0.0,0.0,0.13651755489298453,-0.009305886108427927,-0.0024953114557560957,0.72,-0.18,1.0
13.79573655128479,3,DF,0.1379573655128479,0.0,0.0,0.13375235787983786,-0.007972999621360607,0.007831554143672629,0.72,-0.18,1.0
13.79573655128479,3,DF,0.1379573655128479,0.0,0.0,0.13253409478752767,-0.003064656819252717,0.013777344738033465,0.72,-0.18,1.0
13.79573655128479,3,DF,0.1379573655128479,0.0,0.0,0.1313006900878538,-0.007633324110192367,-0.0016171166562110523,0.72,-0.18,1.0
13.79573655128479,3,DF,0.1379573655128479,0.0,0.0,0.1306629978061623,-0.016592335249701273,-0.012729942995487359,0.72,-0.18,1.0
13.79573655128479,3,DF,0.1379573655128479,0.0,0.0,0.13376868700412117,-0.016187107801513664,-0.006338964410643312,0.72,-0.18,1.0
13.79573655128479,3,DF,0.1379573655128479,0.0,0.0,0.13591753530581507,0.0025416039876385143,-0.0023894028892681024,0.72,-0.18,1.0
13.79573655128479,3,DF,0.1379573655128479,0.0,0.0,0.13423962727292085,-0.0065641371772855875,-0.004266891465514217,0.72,-0.18,1.0
13.79573655128479,3,DF,0.1379573655128479,0.0,0.0,0.12897846097114363,-0.007475515307562308,-0.001189292182439552,0.72,-0.18,1.0
13.79573655128479,3,DF,0.1379573655128479,0.0,0.0,0.13812656803556866,-0.008237010316838557,-0.011187130020108009,0.72,-0.18,1.0
13.836044073104858,3,DF,0.13836044073104858,0.0,0.0,0.13373672748461476,0.003881424787203055,-0.008335270000150182,0.72,-0.18,1.0
13.836044073104858,3,DF,0.13836044073104858,0.0,0.0,0.13608195540816642,-0.0038931146233134742,-0.009486286645531439,0.72,-0.18,1.0
13.836044073104858,3,DF,0.13836044073104858,0.0,0.0,0.1442837882839151,-0.005467815855898701,-0.007395049350771196,0.72,-0.18,1.0
13.836044073104858,3,DF,0.13836044073104858,0.0,0.0,0.14736908810655977,-0.00989296469993486,-0.00446378265329555,0.72,-0.18,1.0
13.836044073104858,3,DF,0.13836044073104858,0.0,0.0,0.14514120176527887,-0.00299362990915148,-0.008623291363389124,0.72,-0.18,1.0
13.836044073104858,3,DF,0.13836044073104858,0.0,0.0,0.15107139660582788,-0.010726528646384497,-0.00959193058672279,0.72,-0.18,1.0
13.836044073104858,3,DF,0.13836044073104858,0.0,0.0,0.1452828286711402,0.004008730204007893,-0.013414381199357422,0.72,-0.18,1.0
13.836044073104858,3,DF,0.13836044073104858,0.0,0.0,0.14260845388716767,-0.010288878277889367,-0.003070030603015377,0.72,-0.18,1.0
13.836044073104858,3,DF,0.13836044073104858,0.0,0.0,0.13733422659720182,-0.011290468796660841,-0.0038868422200916486,0.72,-0.18,1.0
13.836044073104858,3,DF,0.13836044073104858,0.0,0.0,0.13714144577073234,-0.009769803870192238,-0.004376394706161333,0.72,-0.18,1.0
13.886416673660278,3,DF,0.1388641667366028,0.0,0.0,0.12838871482641093,-0.014648121796817265,-0.004910380399593071,0.72,-0.18,1.0
13.886416673660278,3,DF,0.1388641667366028,0.0,0.0,0.1393569614728302,-0.0049606365257054705,-0.012369717640019767,0.72,-0.18,1.0
13.886416673660278,3,DF,0.1388641667366028,0.0,0.0,0.14030839297357278,-0.014831344617726542,-0.010671570816699354,0.72,-0.18,1.0
13.886416673660278,3,DF,0.1388641667366028,0.0,0.0,0.13256126031124432,-0.014320303561827206,-0.015458555753893554,0.72,-0.18,1.0
13.886416673660278,3,DF,0.1388641667366028,0.0,0.0,0.12406381353750495,-0.0033834299779136987,-0.0027200913626531688,0.72,-0.18,1.0
13.886416673660278,3,DF,0.1388641667366028,0.0,0.0,0.13474425411499819,-0.013443266186761692,-0.0025408571189759217,0.72,-0.18,1.0
13.886416673660278,3,DF,0.1388641667366028,0.0,0.0,0.1334928723515541,-0.01849479528641913,-0.0053044033493536424,0.72,-0.18,1.0
13.886416673660278,3,DF,0.1388641667366028,0.0,0.0,0.1398830812466228,-0.010016918325943112,-0.0016566106815430592,0.72,-0.18,1.0
13.886416673660278,3,DF,0.1388641667366028,0.0,0.0,0.13981121626993095,-0.023872930980071733,-0.008833143150755653,0.72,-0.18,1.0
13.886416673660278,3,DF,0.1388641667366028,0.0,0.0,0.1377427789983639,0.001366425686358463,0.005826539713021862,0.72,-0.18,1.0
13.926719427108765,3,DF,0.13926719427108766,0.0,0.0,0.1244980182949708,0.0053114633153947596,-0.008960691012104312,0.72,-0.18,1.0
13.926719427108765,3,DF,0.13926719427108766,0.0,0.0,0.12540061478334072,-0.0018678078439075775,-0.006224649855844431,0.72,-0.18,1.0
13.926719427108765,3,DF,0.13926719427108766,0.0,0.0,0.12763568074147205,0.0025390405359799265,-0.006639035191147762,0.72,-0.18,1.0
13.926719427108765,3,DF,0.13926719427108766,0.0,0.0,0.13770989126244396,0.005259088623590072,-0.014528585152552238,0.72,-0.18,1.0
13.926719427108765,3,DF,0.13926719427108766,0.0,0.0,0.13397556088718543,0.004748422705808596,-0.022162635487350764,0.72,-0.18,1.0
13.926719427108765,3,DF,0.13926719427108766,0.0,0.0,0.14281981012224695,0.0008783395482737608,-0.013745938408426124,0.72,-0.18,1.0
13.926719427108765,3,DF,0.13926719427108766,0.0,0.0,0.13863366130132954,-0.00353593264098165,-0.01768535879965027,0.72,-0.18,1.0
13.926719427108765,3,DF,0.13926719427108766,0.0,0.0,0.1338577393232317,0.001700082329056146,-0.01273849277176558,0.72,-0.18,1.0
13.926719427108765,3,DF,0.13926719427108766,0.0,0.0,0.12852938138321124,0.0018982672730290448,-0.01043354300360938,0.72,-0.18,1.0
13.926719427108765,3,DF,0.13926719427108766,0.0,0.0,0.12225312559959944,0.000905604377048817,-0.00524211418047059,0.72,-0.18,1.0
13.967017889022827,3,DF,0.13967017889022829,0.0,0.0,0.12947750111560818,-0.00010982860407145367,-0.00559321246821823,0.72,-0.18,1.0
13.967017889022827,3,DF,0.13967017889022829,0.0,0.0,0.13833393356084087,0.0036701187959272854,-0.011970957196323715,0.72,-0.18,1.0
13.967017889022827,3,DF,0.13967017889022829,0.0,0.0,0.13717751760012964,-0.0005677666240639596,-0.010532349170822047,0.72,-0.18,1.0
13.967017889022827,3,DF,0.13967017889022829,0.0,0.0,0.1356622747388953,-0.011639047373445264,8.326112575391083e-05,0.72,-0.18,1.0
13.967017889022827,3,DF,0.13967017889022829,0.0,0.0,0.1362693860951126,-0.013198721261773813,-0.0060394629493712385,0.72,-0.18,1.0
13.967017889022827,3,DF,0.13967017889022829,0.0,0.0,0.13398177605391243,-0.01390237412571853,-0.001161894241259438,0.72,-0.18,1.0
13.967017889022827,3,DF,0.13967017889022829,0.0,0.0,0.1404588788901762,-0.022086528333460042,-0.014156246391267254,0.72,-0.18,1.0
13.967017889022827,3,DF,0.13967017889022829,0.0,0.0,0.13981917497153082,-0.027564190546790306,-0.013766177582081362,0.72,-0.18,1.0
13.967017889022827,3,DF,0.13967017889022829,0.0,0.0,0.13802706958275948,-0.011956506855781307,-0.00601918888576658,0.72,-0.18,1.0
13.967017889022827,3,DF,0.13967017889022829,0.0,0.0,0.13436259160420222,-0.021133646203194502,-0.009365899474852274,0.72,-0.18,1.0
14.017385482788086,3,DF,0.14017385482788086,0.0,0.0,0.1344676052293515,-0.00915139503373529,-0.006290580372676144,0.72,-0.18,1.0
14.017385482788086,3,DF,0.14017385482788086,0.0,0.0,0.1290157933369304,-0.010217623609027882,-0.005830916214029762,0.72,-0.18,1.0
14.017385482788086,3,DF,0.14017385482788086,0.0,0.0,0.12948653398931648,-0.009819641030369664,-0.002604079149235227,0.72,-0.18,1.0
14.017385482788086,3,DF,0.14017385482788086,0.0,0.0,0.1284333153349237,-0.013066444213721096,-0.005915148927853958,0.72,-0.18,1.0
14.017385482788086,3,DF,0.14017385482788086,0.0,0.0,0.1333161457390812,-0.01983278433458087,-0.00425558435240792,0.72,-0.18,1.0
14.017385482788086,3,DF,0.14017385482788086,0.0,0.0,0.13223157685263973,-0.014683043151324937,-0.001828598949463722,0.72,-0.18,1.0
14.017385482788086,3,DF,0.14017385482788086,0.0,0.0,0.13152839905560612,-0.010103280168699618,-0.007276271222142426,0.72,-0.18,1.0
14.017385482788086,3,DF,0.14017385482788086,0.0,0.0,0.13648004091646737,-0.018496591113273144,-0.00249026309286727,0.72,-0.18,1.0
14.017385482788086,3,DF,0.14017385482788086,0.0,0.0,0.13822187775060824,-0.017888492941605307,-0.002184087243007447,0.72,-0.18,1.0
14.017385482788086,3,DF,0.14017385482788086,0.0,0.0,0.13313433816344392,-0.007278017977097543,-0.004162023342642804,0.72,-0.18,1.0
14.05769658088684,3,DF,0.14057696580886841,0.0,0.0,0.13092818236422277,-0.006351284083314004,-0.005653013308497624,0.72,-0.18,1.0
14.05769658088684,3,DF,0.14057696580886841,0.0,0.0,0.1328037390782751,0.0038397716294268393,-0.007394550265599182,0.72,-0.18,1.0
14.05769658088684,3,DF,0.14057696580886841,0.0,0.0,0.12533582191231823,-0.001809741250661827,-0.002171892696560351,0.72,-0.18,1.0
14.05769658088684,3,DF,0.14057696580886841,0.0,0.0,0.13463136405340348,-0.014484166028101495,-0.004947793672934747,0.72,-0.18,1.0
14.05769658088684,3,DF,0.14057696580886841,0.0,0.0,0.1382909010860267,-0.003245495029575513,-0.002091429319128969,0.72,-0.18,1.0
14.05769658088684,3,DF,0.14057696580886841,0.0,0.0,0.14096210140296725,-0.014864086020709266,0.005451957237814083,0.72,-0.18,1.0
14.05769658088684,3,DF,0.14057696580886841,0.0,0.0,0.14002512013348373,-0.006945892773427073,-0.0033802014541277504,0.72,-0.18,1.0
14.05769658088684,3,DF,0.14057696580886841,0.0,0.0,0.13957524301152902,-0.010505089571600425,-0.0035228838605267532,0.72,-0.18,1.0
14.05769658088684,3,DF,0.14057696580886841,0.0,0.0,0.13825840281894988,-0.008127025487294043,0.002776610843412171,0.72,-0.18,1.0
14.05769658088684,3,DF,0.14057696580886841,0.0,0.0,0.13446536424387562,-0.010010791435946896,-0.010048671064035612,0.72,-0.18,1.0
14.097991228103638,3,DF,0.14097991228103637,0.0,0.0,0.13111504626045986,-0.015364806388020761,-0.00402877783745606,0.72,-0.18,1.0
14.097991228103638,3,DF,0.14097991228103637,0.0,0.0,0.12878570355930352,-0.02045674824128446,-0.007251372358979746,0.72,-0.18,1.0
14.097991228103638,3,DF,0.14097991228103637,0.0,0.0,0.12594100319970422,-0.014761277809511794,-0.008296092674816373,0.72,-0.18,1.0
14.097991228103638,3,DF,0.14097991228103637,0.0,0.0,0.13945140240776735,-0.010312886547705999,-0.00861188182800168,0.72,-0.18,1.0
14.097991228103638,3,DF,0.14097991228103637,0.0,0.0,0.14014915789600493,-0.011270590262674263,-0.009549043319562982,0.72,-0.18,1.0
14.097991228103638,3,DF,0.14097991228103637,0.0,0.0,0.14179768069680793,-0.023902090706168302,-0.014619098543010849,0.72,-0.18,1.0
14.097991228103638,3,DF,0.14097991228103637,0.0,0.0,0.13714512324246012,-0.019943326146046086,0.002223373434089431,0.72,-0.18,1.0
14.097991228103638,3,DF,0.14097991228103637,0.0,0.0,0.1331029403278502,-0.02322031922887226,-0.0014855765183989457,0.72,-0.18,1.0
14.097991228103638,3,DF,0.14097991228103637,0.0,0.0,0.1364571137851693,-0.01080466482537764,-0.005916299504354804,0.72,-0.18,1.0
14.097991228103638,3,DF,0.14097991228103637,0.0,0.0,0.13466048648598972,-0.012378800385699083,-0.001309723082857589,0.72,-0.18,1.0
14.138299226760864,3,DF,0.14138299226760864,0.0,0.0,0.13637889621956123,-0.0264039531383247,-0.012128202560916655,0.72,-0.18,1.0
14.138299226760864,3,DF,0.14138299226760864,0.0,0.0,0.13762253644096,-0.011260805961559357,-0.008534764336528387,0.72,-0.18,1.0
14.138299226760864,3,DF,0.14138299226760864,0.0,0.0,0.14025795742577035,-0.025614339523368272,-0.0005353759210224192,0.72,-0.18,1.0
14.138299226760864,3,DF,0.14138299226760864,0.0,0.0,0.14330697416075808,-0.02996545692131491,0.005100594620630629,0.72,-0.18,1.0
14.138299226760864,3,DF,0.14138299226760864,0.0,0.0,0.13877355086543783,-0.018294345350072006,0.001494878834779908,0.72,-0.18,1.0
14.138299226760864,3,DF,0.14138299226760864,0.0,0.0,0.1415420305101608,-0.024628528828446287,-0.009494370218675593,0.72,-0.18,1.0
14.138299226760864,3,DF,0.14138299226760864,0.0,0.0,0.13635102534685783,-0.021442786927806642,-0.016971580221566054,0.72,-0.18,1.0
14.138299226760864,3,DF,0.14138299226760864,0.0,0.0,0.13922053351211025,-0.013213081786454146,-0.00880809602098657,0.72,-0.18,1.0
14.138299226760864,3,DF,0.14138299226760864,0.0,0.0,0.14205327427857492,-0.005597134974008996,-0.014011827426677262,0.72,-0.18,1.0
14.138299226760864,3,DF,0.14138299226760864,0.0,0.0,0.14206748752340723,-0.011290717250984435,-0.00456190978390222,0.72,-0.18,1.0
14.188669919967651,3,DF,0.14188669919967653,0.0,0.0,0.1354884846372909,-0.014632442847747701,-0.013013022773676363,0.72,-0.18,1.0
14.188669919967651,3,DF,0.14188669919967653,0.0,0.0,0.13743639032092791,-0.006066792940126676,-0.006243854099287586,0.72,-0.18,1.0
14.188669919967651,3,DF,0.14188669919967653,0.0,0.0,0.13871718079469703,-0.001856046951535926,-0.0114542108574705,0.72,-0.18,1.0
14.188669919967651,3,DF,0.14188669919967653,0.0,0.0,0.13544741424547999,-0.011262649574928152,0.0013747995864248584,0.72,-0.18,1.0
14.188669919967651,3,DF,0.14188669919967653,0.0,0.0,0.13847985023822185,-0.009132407417819127,-0.005708343580872732,0.72,-0.18,1.0
14.188669919967651,3,DF,0.14188669919967653,0.0,0.0,0.13542353928443523,-0.010051362185471181,-0.0010766851548355272,0.72,-0.18,1.0
14.188669919967651,3,DF,0.14188669919967653,0.0,0.0,0.13201560956474745,-0.00124582104807367,9.924271268107528e-05,0.72,-0.18,1.0
14.188669919967651,3,DF,0.14188669919967653,0.0,0.0,0.13828688450315138,-0.0016365099024924976,0.0028509014368898484,0.72,-0.18,1.0
14.188669919967651,3,DF,0.14188669919967653,0.0,0.0,0.13217785917149943,-0.011469530924711435,0.00367892219747104,0.72,-0.18,1.0
14.188669919967651,3,DF,0.14188669919967653,0.0,0.0,0.13339904343141334,-0.009321038477961228,0.0023086557071192878,0.72,-0.18,1.0
14.228972911834717,3,DF,0.14228972911834717,0.0,0.0,0.14346579253433636,-0.005184637913619368,-0.0014711659413093132,0.72,-0.18,1.0
14.228972911834717,3,DF,0.14228972911834717,0.0,0.0,0.14190215877829593,-0.011806410215194017,-0.009770556691033796,0.72,-0.18,1.0
14.228972911834717,3,DF,0.14228972911834717,0.0,0.0,0.14431103796759384,-0.012221985042660942,-0.006488489860022226,0.72,-0.18,1.0
14.228972911834717,3,DF,0.14228972911834717,0.0,0.0,0.14102120991757888,-0.0080455580007969,-0.0029279507317228246,0.72,-0.18,1.0
14.228972911834717,3,DF,0.14228972911834717,0.0,0.0,0.1422986724936919,0.001298465528371599,-0.010678561206184758,0.72,-0.18,1.0
14.228972911834717,3,DF,0.14228972911834717,0.0,0.0,0.1439415811551343,-0.0005060840607591405,-0.00721200023529003,0.72,-0.18,1.0
14.228972911834717,3,DF,0.14228972911834717,0.0,0.0,0.1426543777101632,-0.003571652488675621,-0.0111618243306609,0.72,-0.18,1.0
14.228972911834717,3,DF,0.14228972911834717,0.0,0.0,0.13842469384701983,-0.007736988906792426,-0.00998082194656383,0.72,-0.18,1.0
14.228972911834717,3,DF,0.14228972911834717,0.0,0.0,0.13585163689045335,-0.010943157120437287,-0.007069591783977675,0.72,-0.18,1.0
14.269290924072266,3,DF,0.14269290924072267,0.0,0.0,0.14320231191344038,-0.010577410446687772,-0.01057781273555563,0.72,-0.18,1.0
14.269290924072266,3,DF,0.14269290924072267,0.0,0.0,0.14229853564092707,-0.017418173141232108,-0.009495297949073602,0.72,-0.18,1.0
14.269290924072266,3,DF,0.14269290924072267,0.0,0.0,0.13739328738031797,-0.010937564572925017,-0.010219994535459886,0.72,-0.18,1.0
14.269290924072266,3,DF,0.14269290924072267,0.0,0.0,0.13331403447384182,-0.0011349155285096126,-0.014106926140170688,0.72,-0.18,1.0
14.269290924072266,3,DF,0.14269290924072267,0.0,0.0,0.13859740580036953,-0.013333370556143953,0.0014553571056073774,0.72,-0.18,1.0
14.269290924072266,3,DF,0.14269290924072267,0.0,0.0,0.1324340589447856,-0.0202490678764839,-0.010344430848989998,0.72,-0.18,1.0
14.269290924072266,3,DF,0.14269290924072267,0.0,0.0,0.13444474162041298,-0.012619311105198806,0.001538252386575115,0.72,-0.18,1.0
14.269290924072266,3,DF,0.14269290924072267,0.0,0.0,0.14085208797925872,-0.010095704063180465,0.002153162763005187,0.72,-0.18,1.0
14.269290924072266,3,DF,0.14269290924072267,0.0,0.0,0.13625370023707453,-0.012491969023059357,0.0023414423395478143,0.72,-0.18,1.0
14.269290924072266,3,DF,0.14269290924072267,0.0,0.0,0.14014086950871693,-0.0175059313433749,-0.0038475545343566258,0.72,-0.18,1.0
14.319655656814575,3,DF,0.14319655656814576,0.0,0.0,0.13619421723347136,-0.007463395849868459,0.0018429227019187545,0.72,-0.18,1.0
14.319655656814575,3,DF,0.14319655656814576,0.0,0.0,0.1405529524688283,-0.00654219515177688,-0.005382713788054644,0.72,-0.18,1.0
14.319655656814575,3,DF,0.14319655656814576,0.0,0.0,0.14221315705748863,-0.010529844514898799,-0.00263659613342226,0.72,-0.18,1.0
14.319655656814575,3,DF,0.14319655656814576,0.0,0.0,0.129392104623625,-0.00932804915084198,-0.004584208166297549,0.72,-0.18,1.0
14.319655656814575,3,DF,0.14319655656814576,0.0,0.0,0.13841150732730928,-0.0027922902487096833,-0.01410628368203086,0.72,-0.18,1.0
14.319655656814575,3,DF,0.14319655656814576,0.0,0.0,0.1433759833532422,-0.0017682936436534064,-0.018609432018802868,0.72,-0.18,1.0
14.319655656814575,3,DF,0.14319655656814576,0.0,0.0,0.13735439711942088,0.001455454883915348,-0.012639839545998476,0.72,-0.18,1.0
14.319655656814575,3,DF,0.14319655656814576,0.0,0.0,0.13638813861822427,-0.006134680683372881,-0.014226279923675885,0.72,-0.18,1.0
14.319655656814575,3,DF,0.14319655656814576,0.0,0.0,0.13984306920406545,0.009149942922185166,-0.002057229517666785,0.72,-0.18,1.0
14.319655656814575,3,DF,0.14319655656814576,0.0,0.0,0.14387422753846676,-0.005208070860238929,-0.004261618303632508,0.72,-0.18,1.0
14.359972476959229,3,DF,0.1435997247695923,0.0,0.0,0.1342991347240609,-0.014322921385949091,-0.0010613474607763232,0.72,-0.18,1.0
14.359972476959229,3,DF,0.1435997247695923,0.0,0.0,0.14622937093224644,-0.013466929508088327,-0.0002919592184644905,0.72,-0.18,1.0
14.359972476959229,3,DF,0.1435997247695923,0.0,0.0,0.1493377294177909,-0.025696459817424976,-0.012867122087510742,0.72,-0.18,1.0
14.359972476959229,3,DF,0.1435997247695923,0.0,0.0,0.15065102704270364,-0.01682271291931903,-0.019052338687476574,0.72,-0.18,1.0
14.359972476959229,3,DF,0.1435997247695923,0.0,0.0,0.14450064118208572,-0.014942514490581787,-0.012648166687730635,0.72,-0.18,1.0
14.359972476959229,3,DF,0.1435997247695923,0.0,0.0,0.14496785352816413,-0.009096847663029586,-0.011646947682787309,0.72,-0.18,1.0
14.359972476959229,3,DF,0.1435997247695923,0.0,0.0,0.14560331626577205,-0.014043715637396332,-0.009105957499860467,0.72,-0.18,1.0
14.359972476959229,3,DF,0.1435997247695923,0.0,0.0,0.14591247102948854,-0.021795629575903846,-0.0042429075916617445,0.72,-0.18,1.0
14.359972476959229,3,DF,0.1435997247695923,0.0,0.0,0.14351564164764163,-0.0006404420120603554,-0.007619149490036589,0.72,-0.18,1.0
14.359972476959229,3,DF,0.1435997247695923,0.0,0.0,0.14280287462590152,-0.0011399827490917195,-0.01199394086610229,0.72,-0.18,1.0
14.400267601013184,3,DF,0.14400267601013184,0.0,0.0,0.14268331990417135,-0.00841013558917749,-0.01326574625513219,0.72,-0.18,1.0
14.400267601013184,3,DF,0.14400267601013184,0.0,0.0,0.1415435302175701,-0.013579783786164883,-0.00863855479654075,0.72,-0.18,1.0
14.400267601013184,3,DF,0.14400267601013184,0.0,0.0,0.1428432010049356,-0.01320293552929112,-0.010482533627261391,0.72,-0.18,1.0
14.400267601013184,3,DF,0.14400267601013184,0.0,0.0,0.1434147180284538,-0.0328880065741997,-0.01856113123546966,0.72,-0.18,1.0
14.400267601013184,3,DF,0.14400267601013184,0.0,0.0,0.1442301405397295,-0.026387807532595717,-0.014181149676720042,0.72,-0.18,1.0
14.400267601013184,3,DF,0.14400267601013184,0.0,0.0,0.1424225308323726,-0.027804886739366833,-0.005965079507095301,0.72,-0.18,1.0
14.400267601013184,3,DF,0.14400267601013184,0.0,0.0,0.14329295630888744,-0.018002287364661248,-0.010130418148537202,0.72,-0.18,1.0
14.400267601013184,3,DF,0.14400267601013184,0.0,0.0,0.1495743302535732,-0.009461896613851746,-0.005367012459715933,0.72,-0.18,1.0
14.400267601013184,3,DF,0.14400267601013184,0.0,0.0,0.15227169863907883,-0.015223890948810216,-0.0026702294899506557,0.72,-0.18,1.0
14.400267601013184,3,DF,0.14400267601013184,0.0,0.0,0.15635401261086226,-0.008877675988023645,-0.002737641935555309,0.72,-0.18,1.0
14.4405837059021,3,DF,0.144405837059021,0.0,0.0,0.15129501636797857,-0.018224156971730226,-0.0010060944155921394,0.72,-0.18,1.0
14.4405837059021,3,DF,0.144405837059021,0.0,0.0,0.14453412112956082,-0.01759074111985692,0.0017324282339221343,0.72,-0.18,1.0
14.4405837059021,3,DF,0.144405837059021,0.0,0.0,0.14265927374556797,-0.006639671582549543,-0.0048334250964433105,0.72,-0.18,1.0
14.4405837059021,3,DF,0.144405837059021,0.0,0.0,0.14064676809023938,-0.008999682030971961,-0.0016474538350376338,0.72,-0.18,1.0
14.4405837059021,3,DF,0.144405837059021,0.0,0.0,0.13497475422242197,-0.006229392001677562,0.00022080082313954925,0.72,-0.18,1.0
14.4405837059021,3,DF,0.144405837059021,0.0,0.0,0.14475206167640498,-0.01812415585169273,-0.0014900724584744696,0.72,-0.18,1.0
14.4405837059021,3,DF,0.144405837059021,0.0,0.0,0.1356603229507796,-0.016981610990487533,0.0007040988950362685,0.72,-0.18,1.0
14.4405837059021,3,DF,0.144405837059021,0.0,0.0,0.13948913494792559,-0.016924179060674442,-0.0005259605577740653,0.72,-0.18,1.0
14.4405837059021,3,DF,0.144405837059021,0.0,0.0,0.1409516097629522,-0.015430458444225643,-0.006000691261034498,0.72,-0.18,1.0
14.4405837059021,3,DF,0.144405837059021,0.0,0.0,0.13381287734230005,-0.01293603143724935,-0.0007353704154623963,0.72,-0.18,1.0
14.490950584411621,3,DF,0.14490950584411622,0.0,0.0,0.1358538324437783,-0.002199779488957307,0.0054921450408976485,0.72,-0.18,1.0
14.490950584411621,3,DF,0.14490950584411622,0.0,0.0,0.14385479614900099,-0.00251639233067022,0.00047056988957787073,0.72,-0.18,1.0
14.490950584411621,3,DF,0.14490950584411622,0.0,0.0,0.13614539027565328,-0.007940727137123977,-0.0025484576488706053,0.72,-0.18,1.0
14.490950584411621,3,DF,0.14490950584411622,0.0,0.0,0.13028699272667033,-0.016249396685189797,0.002544315620617856,0.72,-0.18,1.0
14.490950584411621,3,DF,0.14490950584411622,0.0,0.0,0.14191924869301767,-0.019353562808746595,-0.005624598300188596,0.72,-0.18,1.0
14.490950584411621,3,DF,0.14490950584411622,0.0,0.0,0.13969036757055595,-0.016363689539317345,-0.006766742470252001,0.72,-0.18,1.0
14.490950584411621,3,DF,0.14490950584411622,0.0,0.0,0.1450496103485943,-0.027691898490247828,-0.014237461639087314,0.72,-0.18,1.0
14.490950584411621,3,DF,0.14490950584411622,0.0,0.0,0.14788520862581367,-0.017028592189099693,-0.014282109406320477,0.72,-0.18,1.0
14.490950584411621,3,DF,0.14490950584411622,0.0,0.0,0.13770774066672814,-0.00765409711107929,-0.0095852072437934,0.72,-0.18,1.0
14.490950584411621,3,DF,0.14490950584411622,0.0,0.0,0.14198721943301934,-0.005536641621308465,-0.009134127918497752,0.72,-0.18,1.0
14.531278133392334,3,DF,0.14531278133392334,0.0,0.0,0.14314295356495307,-0.010060990573437838,-0.013078009903660768,0.72,-0.18,1.0
14.531278133392334,3,DF,0.14531278133392334,0.0,0.0,0.1503687988070681,-0.004771238048798615,-0.00784112032247598,0.72,-0.18,1.0
14.531278133392334,3,DF,0.14531278133392334,0.0,0.0,0.1484522560764916,-0.023796661153075473,-0.006469881013851498,0.72,-0.18,1.0
14.531278133392334,3,DF,0.14531278133392334,0.0,0.0,0.1451613564749472,-0.01798162474738159,-0.007029224545236627,0.72,-0.18,1.0
14.531278133392334,3,DF,0.14531278133392334,0.0,0.0,0.13515371707677667,-0.011319872960221144,-0.0021990706177512,0.72,-0.18,1.0
14.531278133392334,3,DF,0.14531278133392334,0.0,0.0,0.13379328211661293,-0.008965592111831143,-0.000714869773918548,0.72,-0.18,1.0
14.531278133392334,3,DF,0.14531278133392334,0.0,0.0,0.1386952653927118,-0.011823785142658312,-0.0035466903245452252,0.72,-0.18,1.0
14.531278133392334,3,DF,0.14531278133392334,0.0,0.0,0.13922823111889376,-0.012799321782694826,-0.00498576598599857,0.72,-0.18,1.0
14.531278133392334,3,DF,0.14531278133392334,0.0,0.0,0.139490637487005,-0.009616336076553628,0.00459185652493215,0.72,-0.18,1.0
14.531278133392334,3,DF,0.14531278133392334,0.0,0.0,0.14308430583611328,-0.004456822122776772,0.0011948721305546715,0.72,-0.18,1.0
14.57157850265503,3,DF,0.1457157850265503,0.0,0.0,0.14030716642068772,-0.006221877121344614,-0.009068886431337998,0.72,-0.18,1.0
14.57157850265503,3,DF,0.1457157850265503,0.0,0.0,0.13502632338615644,-0.014217334717044224,-0.003188127791147096,0.72,-0.18,1.0
14.57157850265503,3,DF,0.1457157850265503,0.0,0.0,0.1421463121720154,-0.01161925662155247,-0.01254063731816963,0.72,-0.18,1.0
14.57157850265503,3,DF,0.1457157850265503,0.0,0.0,0.1372013315896486,-0.0014493876468840501,-0.01709069558510779,0.72,-0.18,1.0
14.57157850265503,3,DF,0.1457157850265503,0.0,0.0,0.1338758574091347,-0.0026271212495864115,-0.0031534219022139494,0.72,-0.18,1.0
14.57157850265503,3,DF,0.1457157850265503,0.0,0.0,0.13226841479631748,-0.008589378754084841,-0.0035097745338257503,0.72,-0.18,1.0
14.57157850265503,3,DF,0.1457157850265503,0.0,0.0,0.13297868311901176,-0.013610087030304493,-0.0011892593941626572,0.72,-0.18,1.0
14.57157850265503,3,DF,0.1457157850265503,0.0,0.0,0.14177181043897727,-0.009595547673628833,0.004413562935538456,0.72,-0.18,1.0
14.57157850265503,3,DF,0.1457157850265503,0.0,0.0,0.14065228227766557,-0.010910062639208996,-0.0037837811492465777,0.72,-0.18,1.0
14.57157850265503,3,DF,0.1457157850265503,0.0,0.0,0.13183127802480135,-0.01125747028295446,-0.000569473075151265,0.72,-0.18,1.0
14.611876964569092,3,DF,0.14611876964569093,0.0,0.0,0.1354793879647652,-0.0069422306741056695,-0.0007205608133926963,0.72,-0.18,1.0
14.611876964569092,3,DF,0.14611876964569093,0.0,0.0,0.14434602305612787,-0.007196214977453418,-0.009477958014793455,0.72,-0.18,1.0
14.611876964569092,3,DF,0.14611876964569093,0.0,0.0,0.14437993480699016,-0.004455697825323947,-0.009068505711306124,0.72,-0.18,1.0
14.611876964569092,3,DF,0.14611876964569093,0.0,0.0,0.15173268560315942,-0.0044737869504828855,-0.015216573029269001,0.72,-0.18,1.0
14.611876964569092,3,DF,0.14611876964569093,0.0,0.0,0.14837567515790392,-0.009826752976285474,-0.01292662542582726,0.72,-0.18,1.0
14.611876964569092,3,DF,0.14611876964569093,0.0,0.0,0.1455398546823604,-0.006649026181581102,-0.00965988232196659,0.72,-0.18,1.0
14.611876964569092,3,DF,0.14611876964569093,0.0,0.0,0.14668663942066976,-0.0032421625504061007,-0.009604544705013858,0.72,-0.18,1.0
14.611876964569092,3,DF,0.14611876964569093,0.0,0.0,0.14632012951530132,-0.0038219695249402273,-0.009211064318878848,0.72,-0.18,1.0
14.611876964569092,3,DF,0.14611876964569093,0.0,0.0,0.14715263212254623,-0.015143220750312863,-0.009249732490326542,0.72,-0.18,1.0
14.611876964569092,3,DF,0.14611876964569093,0.0,0.0,0.14846109832179177,-0.006083386762201617,-0.009701933559503766,0.72,-0.18,1.0
14.662267446517944,3,DF,0.14662267446517946,0.0,0.0,0.146465216894886,-0.0015663420991154438,-0.01092532584249787,0.72,-0.18,1.0
14.662267446517944,3,DF,0.14662267446517946,0.0,0.0,0.1407287727727513,-0.008206983212916708,-0.0034855621097203715,0.72,-0.18,1.0
14.662267446517944,3,DF,0.14662267446517946,0.0,0.0,0.14395001564053755,-0.001972863504287469,-0.006092240165265206,0.72,-0.18,1.0
14.662267446517944,3,DF,0.14662267446517946,0.0,0.0,0.14645735259901674,-0.006990921975821927,-0.009470943809815644,0.72,-0.18,1.0
14.662267446517944,3,DF,0.14662267446517946,0.0,0.0,0.14438016533221593,0.0018383842694029903,-0.004801789459426465,0.72,-0.18,1.0
14.662267446517944,3,DF,0.14662267446517946,0.0,0.0,0.13783832983123176,-0.007891351258123548,0.004829433485113017,0.72,-0.18,1.0
14.662267446517944,3,DF,0.14662267446517946,0.0,0.0,0.14694980126051937,-0.0223382856115141,-0.0011644271432542895,0.72,-0.18,1.0
14.662267446517944,3,DF,0.14662267446517946,0.0,0.0,0.1448392818957624,-0.009647468962656652,-0.0032974312239630026,0.72,-0.18,1.0
14.662267446517944,3,DF,0.14662267446517946,0.0,0.0,0.14523141116962948,-0.013822595862579296,-0.005455608235771416,0.72,-0.18,1.0
14.662267446517944,3,DF,0.14662267446517946,0.0,0.0,0.14399165511126016,-0.01729152551654335,-0.002898734387397833,0.72,-0.18,1.0
14.702563762664795,3,DF,0.14702563762664794,0.0,0.0,0.14777899274343018,-0.020254395675175462,-0.004917117178653542,0.72,-0.18,1.0
14.702563762664795,3,DF,0.14702563762664794,0.0,0.0,0.1483536962142537,-0.021213004128676608,-0.010860434830006649,0.72,-0.18,1.0
14.702563762664795,3,DF,0.14702563762664794,0.0,0.0,0.1400294132951931,-0.0190147429356719,-0.006097021663377588,0.72,-0.18,1.0
14.702563762664795,3,DF,0.14702563762664794,0.0,0.0,0.1376929137353614,-0.009184353258651476,-0.0027351974383138574,0.72,-0.18,1.0
14.702563762664795,3,DF,0.14702563762664794,0.0,0.0,0.13814359610080013,-0.01884352362702508,-0.0033263503557851635,0.72,-0.18,1.0
14.702563762664795,3,DF,0.14702563762664794,0.0,0.0,0.1316117041084379,-0.011726454259991095,0.004945212626741548,0.72,-0.18,1.0
14.702563762664795,3,DF,0.14702563762664794,0.0,0.0,0.1373206125632725,-0.01259342221784811,0.0013964118186695362,0.72,-0.18,1.0
14.702563762664795,3,DF,0.14702563762664794,0.0,0.0,0.13287047405108307,-0.012948282254689221,0.00508896404673921,0.72,-0.18,1.0
14.702563762664795,3,DF,0.14702563762664794,0.0,0.0,0.14255295229109802,-0.00575969108676139,-0.005632811801028867,0.72,-0.18,1.0
14.702563762664795,3,DF,0.14702563762664794,0.0,0.0,0.14567718759131665,-0.010108710994682624,-0.007701236850640481,0.72,-0.18,1.0
14.742879390716553,3,DF,0.14742879390716554,0.0,0.0,0.1457815446966534,-0.009568363729671696,-0.009160833803265444,0.72,-0.18,1.0
14.742879390716553,3,DF,0.14742879390716554,0.0,0.0,0.1414841324941821,-0.006025852547319333,-0.004942254626668642,0.72,-0.18,1.0
14.742879390716553,3,DF,0.14742879390716554,0.0,0.0,0.14224241491767717,-0.013401308827334176,-0.004179205716381764,0.72,-0.18,1.0
14.742879390716553,3,DF,0.14742879390716554,0.0,0.0,0.14183703391288488,-0.01353370486498993,-0.004647852446554975,0.72,-0.18,1.0
14.742879390716553,3,DF,0.14742879390716554,0.0,0.0,0.13734462372495612,-0.010440678551189592,8.159583024440645e-05,0.72,-0.18,1.0
14.742879390716553,3,DF,0.14742879390716554,0.0,0.0,0.1414030739914944,-0.019327952159562036,-0.0024626039265502504,0.72,-0.18,1.0
14.742879390716553,3,DF,0.14742879390716554,0.0,0.0,0.14601387512589709,-0.022660247620393054,-0.0074012656312189284,0.72,-0.18,1.0
14.742879390716553,3,DF,0.14742879390716554,0.0,0.0,0.15034595180347063,-0.01808072263289978,-0.012197477364917983,0.72,-0.18,1.0
14.742879390716553,3,DF,0.14742879390716554,0.0,0.0,0.14820943785456556,-0.029610109298009335,-0.008376756262384483,0.72,-0.18,1.0
14.742879390716553,3,DF,0.14742879390716554,0.0,0.0,0.14543309449700792,-0.020466762246847785,-0.007886300919954552,0.72,-0.18,1.0
14.7831711769104,3,DF,0.147831711769104,0.0,0.0,0.14601125580302923,-0.020275366939156478,-0.007902397617448882,0.72,-0.18,1.0
14.7831711769104,3,DF,0.147831711769104,0.0,0.0,0.141401814242344,-0.015586782601635655,-0.00277706859760656,0.72,-0.18,1.0
14.7831711769104,3,DF,0.147831711769104,0.0,0.0,0.1367901622528665,-0.01888004423424983,0.00048126358102196215,0.72,-0.18,1.0
14.7831711769104,3,DF,0.147831711769104,0.0,0.0,0.14020441984480364,-0.019867064724352776,-0.003903261336634223,0.72,-0.18,1.0
14.7831711769104,3,DF,0.147831711769104,0.0,0.0,0.14186930670342984,-0.009518109212267667,-0.0010244558256754677,0.72,-0.18,1.0
14.7831711769104,3,DF,0.147831711769104,0.0,0.0,0.14011155583001558,-0.0034022634741889624,-0.0008080161603010427,0.72,-0.18,1.0
14.7831711769104,3,DF,0.147831711769104,0.0,0.0,0.13142738786149658,-0.0025020491262082033,0.008781375993814561,0.72,-0.18,1.0
14.7831711769104,3,DF,0.147831711769104,0.0,0.0,0.1324428160090222,-0.010268614757032501,0.006770339386911073,0.72,-0.18,1.0
14.7831711769104,3,DF,0.147831711769104,0.0,0.0,0.12816772551033606,-0.011510854127684288,0.00410217852059412,0.72,-0.18,1.0
14.833556413650513,3,DF,0.14833556413650514,0.0,0.0,0.13897143875011841,-0.012111990775479003,-0.006426356778476372,0.72,-0.18,1.0
14.833556413650513,3,DF,0.14833556413650514,0.0,0.0,0.14978527916213988,-0.015859480425479678,-0.010049711539134995,0.72,-0.18,1.0
14.833556413650513,3,DF,0.14833556413650514,0.0,0.0,0.15060845839397125,-0.012976769757940522,-0.002446714725288415,0.72,-0.18,1.0
14.833556413650513,3,DF,0.14833556413650514,0.0,0.0,0.15087912013305177,-0.01105568054437086,-0.006965097417244528,0.72,-0.18,1.0
14.833556413650513,3,DF,0.14833556413650514,0.0,0.0,0.15195113777578503,-0.008656417582114181,-0.01194424955635806,0.72,-0.18,1.0
14.833556413650513,3,DF,0.14833556413650514,0.0,0.0,0.15141808454715394,-0.010716176372158229,-0.013209102830969262,0.72,-0.18,1.0
14.833556413650513,3,DF,0.14833556413650514,0.0,0.0,0.15067615495857298,-0.008739243100481147,-0.012731903451721548,0.72,-0.18,1.0
14.833556413650513,3,DF,0.14833556413650514,0.0,0.0,0.15328211002686634,-0.001229476690539094,0.0032574115965786484,0.72,-0.18,1.0
14.833556413650513,3,DF,0.14833556413650514,0.0,0.0,0.1389962519729649,-0.0035263646952686327,-0.011145591419550146,0.72,-0.18,1.0
14.833556413650513,3,DF,0.14833556413650514,0.0,0.0,0.1391791121813782,-0.0021911294129547203,-0.008700769820468064,0.72,-0.18,1.0
14.87385606765747,3,DF,0.1487385606765747,0.0,0.0,0.1364269583654488,-0.003969295768818586,-0.013186291226552436,0.72,-0.18,1.0
14.87385606765747,3,DF,0.1487385606765747,0.0,0.0,0.13770803311135357,-0.02023518638775727,-0.014956148871618507,0.72,-0.18,1.0
14.87385606765747,3,DF,0.1487385606765747,0.0,0.0,0.14161791608208488,-0.018488243866951807,-0.006355640587880364,0.72,-0.18,1.0
14.87385606765747,3,DF,0.1487385606765747,0.0,0.0,0.14116069052807048,-0.013408513674180646,-0.009928323039075052,0.72,-0.18,1.0
14.87385606765747,3,DF,0.1487385606765747,0.0,0.0,0.14268660437514846,0.0036074465102893605,-0.0005865251614771358,0.72,-0.18,1.0
14.87385606765747,3,DF,0.1487385606765747,0.0,0.0,0.14232962937114282,-0.007065321616549641,-0.00658705998000339,0.72,-0.18,1.0
14.87385606765747,3,DF,0.1487385606765747,0.0,0.0,0.1517024282597028,-0.00991033224869316,0.002653634934494829,0.72,-0.18,1.0
14.87385606765747,3,DF,0.1487385606765747,0.0,0.0,0.15230375110806868,-0.011167779968927228,0.005089912303081347,0.72,-0.18,1.0
14.87385606765747,3,DF,0.1487385606765747,0.0,0.0,0.15216739429729176,-0.020897878853702548,0.005561785996186641,0.72,-0.18,1.0
14.87385606765747,3,DF,0.1487385606765747,0.0,0.0,0.1533237648171976,-0.02599852392704742,0.008432953419100853,0.72,-0.18,1.0
14.91415023803711,3,DF,0.1491415023803711,0.0,0.0,0.14580030063594754,-0.02086181182137124,-0.0024432531873237206,0.72,-0.18,1.0
14.91415023803711,3,DF,0.1491415023803711,0.0,0.0,0.1479831169365667,-0.008450941465333043,-0.004922190906818679,0.72,-0.18,1.0
14.91415023803711,3,DF,0.1491415023803711,0.0,0.0,0.14210413440162625,-0.0067356695390576975,-0.006420831193952004,0.72,-0.18,1.0
14.91415023803711,3,DF,0.1491415023803711,0.0,0.0,0.1455679829941014,-0.011717709057862305,-0.004602873957216785,0.72,-0.18,1.0
14.91415023803711,3,DF,0.1491415023803711,0.0,0.0,0.14670604047979677,-0.013180453129911073,-0.0074973489359511205,0.72,-0.18,1.0
14.91415023803711,3,DF,0.1491415023803711,0.0,0.0,0.14349129539213912,-0.010147262698662797,-0.008361958572300323,0.72,-0.18,1.0
14.91415023803711,3,DF,0.1491415023803711,0.0,0.0,0.14384947685349717,-0.017563784558469547,-0.00828934736652582,0.72,-0.18,1.0
14.91415023803711,3,DF,0.1491415023803711,0.0,0.0,0.13953888689841876,-0.022710379666407578,-0.010199422177675966,0.72,-0.18,1.0
14.91415023803711,3,DF,0.1491415023803711,0.0,0.0,0.1453163544377886,-0.015694259560173125,-0.004388695195408949,0.72,-0.18,1.0
14.91415023803711,3,DF,0.1491415023803711,0.0,0.0,0.1558036884617062,-0.01633436064191638,0.006050977332543932,0.72,-0.18,1.0
14.964550018310547,3,DF,0.14964550018310546,0.0,0.0,0.1493245947548419,-0.015116241076640946,0.0009252170407456565,0.72,-0.18,1.0
14.964550018310547,3,DF,0.14964550018310546,0.0,0.0,0.15400252780215953,-0.0022736062501351306,-0.002183816413388612,0.72,-0.18,1.0
14.964550018310547,3,DF,0.14964550018310546,0.0,0.0,0.1516777812957257,-0.011647693050152987,-0.0008586360305005706,0.72,-0.18,1.0
14.964550018310547,3,DF,0.14964550018310546,0.0,0.0,0.14385345443770725,-0.01537971659163791,-0.00955514390945056,0.72,-0.18,1.0
14.964550018310547,3,DF,0.14964550018310546,0.0,0.0,0.14978494090022734,-0.01088045336990067,-0.007560164343869177,0.72,-0.18,1.0
14.964550018310547,3,DF,0.14964550018310546,0.0,0.0,0.1471648548013932,-0.015942616840006255,-0.012134151100404436,0.72,-0.18,1.0
14.964550018310547,3,DF,0.14964550018310546,0.0,0.0,0.14855625516811444,-0.01771797956560851,-0.007653699065128634,0.72,-0.18,1.0
14.964550018310547,3,DF,0.14964550018310546,0.0,0.0,0.1442033527659926,-0.02066512083112355,-0.009832824448401402,0.72,-0.18,1.0
14.964550018310547,3,DF,0.14964550018310546,0.0,0.0,0.15298434164679825,-0.014725293794512625,-0.004749507135946979,0.72,-0.18,1.0
14.964550018310547,3,DF,0.14964550018310546,0.0,0.0,0.1514498012057904,-0.008701613016995185,-0.002310770455711457,0.72,-0.18,1.0
15.004845380783081,3,DF,0.1500484538078308,0.0,0.0,0.1472330295068776,-0.00036565239481370105,-0.00502177522764299,0.72,-0.18,1.0
15.004845380783081,3,DF,0.1500484538078308,0.0,0.0,0.14313709561872023,0.006462491929719358,-0.002824018118195362,0.72,-0.18,1.0
15.004845380783081,3,DF,0.1500484538078308,0.0,0.0,0.14894969138266317,-0.0023877670437373925,-0.004300463864417731,0.72,-0.18,1.0
15.004845380783081,3,DF,0.1500484538078308,0.0,0.0,0.1442091737137116,-0.004806697730704647,-0.01007825070241736,0.72,-0.18,1.0
15.004845380783081,3,DF,0.1500484538078308,0.0,0.0,0.14479671033579913,-0.014497377578093995,-0.004369736815453954,0.72,-0.18,1.0
15.004845380783081,3,DF,0.1500484538078308,0.0,0.0,0.15106039393745935,-0.015622658870193559,-0.0029955687235573136,0.72,-0.18,1.0
15.004845380783081,3,DF,0.1500484538078308,0.0,0.0,0.1536763293392249,-0.01530656431242646,-0.005615324735842352,0.72,-0.18,1.0
15.004845380783081,3,DF,0.1500484538078308,0.0,0.0,0.15319481202915555,0.0008487383385296638,-0.006688099615917494,0.72,-0.18,1.0
15.004845380783081,3,DF,0.1500484538078308,0.0,0.0,0.1537265516714592,0.0006383622442041177,0.00426879306218762,0.72,-0.18,1.0
15.004845380783081,3,DF,0.1500484538078308,0.0,0.0,0.15060486878279153,-0.010800379644404579,0.005391949775154809,0.72,-0.18,1.0
15.04515290260315,3,DF,0.1504515290260315,0.0,0.0,0.14999880087892395,-0.015945845415148263,-0.0016827181983353416,0.72,-0.18,1.0
15.04515290260315,3,DF,0.1504515290260315,0.0,0.0,0.1415574700196126,-0.011428635472646756,-0.006713199453394375,0.72,-0.18,1.0
15.04515290260315,3,DF,0.1504515290260315,0.0,0.0,0.1443175634378805,-0.016935568707754395,-0.010766665083702418,0.72,-0.18,1.0
15.04515290260315,3,DF,0.1504515290260315,0.0,0.0,0.1444622187788629,-0.009830033001422434,-0.005548698588175716,0.72,-0.18,1.0
15.04515290260315,3,DF,0.1504515290260315,0.0,0.0,0.1487647674569288,-0.009436653907886807,-0.0030769867847433414,0.72,-0.18,1.0
15.04515290260315,3,DF,0.1504515290260315,0.0,0.0,0.1480645213551703,-0.014815349473716922,-0.0071996049684940775,0.72,-0.18,1.0
15.04515290260315,3,DF,0.1504515290260315,0.0,0.0,0.15185309855506318,-0.009447799900091092,-0.01083008115126,0.72,-0.18,1.0
15.04515290260315,3,DF,0.1504515290260315,0.0,0.0,0.1554533505404858,-0.02117373203295922,-0.006611798530398806,0.72,-0.18,1.0
15.04515290260315,3,DF,0.1504515290260315,0.0,0.0,0.15461051912577592,-0.020056935946928874,-0.002493528762794268,0.72,-0.18,1.0
15.04515290260315,3,DF,0.1504515290260315,0.0,0.0,0.15686955310817222,-0.011271269337916738,0.0020071710770491274,0.72,-0.18,1.0
15.08544373512268,3,DF,0.1508544373512268,0.0,0.0,0.15821556223325003,-0.01014282373179414,0.0018573091613099794,0.72,-0.18,1.0
15.08544373512268,3,DF,0.1508544373512268,0.0,0.0,0.153830657640368,-0.014456186035176998,-0.0009687519889437062,0.72,-0.18,1.0
15.08544373512268,3,DF,0.1508544373512268,0.0,0.0,0.1568469371666618,-0.012418869557056483,-0.0012173131048329336,0.72,-0.18,1.0
15.08544373512268,3,DF,0.1508544373512268,0.0,0.0,0.15534468735285067,-0.010226325470960985,-0.00245327292671977,0.72,-0.18,1.0
15.08544373512268,3,DF,0.1508544373512268,0.0,0.0,0.15344203344764704,-0.02246977153845177,-0.0031135162845767014,0.72,-0.18,1.0
15.08544373512268,3,DF,0.1508544373512268,0.0,0.0,0.14337373917635216,-0.004748716565209654,-0.008742435363787817,0.72,-0.18,1.0
15.08544373512268,3,DF,0.1508544373512268,0.0,0.0,0.1497579129653372,-0.007799967024557272,-0.00044633925390641843,0.72,-0.18,1.0
15.08544373512268,3,DF,0.1508544373512268,0.0,0.0,0.14224862789487888,-0.009837148623487531,-0.006459731616061992,0.72,-0.18,1.0
15.08544373512268,3,DF,0.1508544373512268,0.0,0.0,0.15507945980623444,-0.009862180342825063,0.004123587616533566,0.72,-0.18,1.0
15.08544373512268,3,DF,0.1508544373512268,0.0,0.0,0.15341826790608987,-0.0022329769562904156,0.0013522546880169184,0.72,-0.18,1.0
15.13582158088684,3,DF,0.1513582158088684,0.0,0.0,0.14847125519139903,-0.017983957056903397,-0.00304220630528969,0.72,-0.18,1.0
15.13582158088684,3,DF,0.1513582158088684,0.0,0.0,0.14820022793456208,-0.009384346859086902,0.0014467076526700749,0.72,-0.18,1.0
15.13582158088684,3,DF,0.1513582158088684,0.0,0.0,0.14376651261774634,-0.007037115080580464,-0.0017547969231316578,0.72,-0.18,1.0
15.13582158088684,3,DF,0.1513582158088684,0.0,0.0,0.14473022540849853,-0.01364935733553739,-0.00032918642338098774,0.72,-0.18,1.0
15.13582158088684,3,DF,0.1513582158088684,0.0,0.0,0.15031904375376248,-0.010242807107116118,-0.002325321691093603,0.72,-0.18,1.0
15.13582158088684,3,DF,0.1513582158088684,0.0,0.0,0.15005044463614128,-0.016766513055213757,-0.008358869825755783,0.72,-0.18,1.0
15.13582158088684,3,DF,0.1513582158088684,0.0,0.0,0.15609892454034185,-0.014813257559896566,-0.0062721455110810445,0.72,-0.18,1.0
15.13582158088684,3,DF,0.1513582158088684,0.0,0.0,0.1423843966300614,-0.006380553192729628,-0.014642516802453716,0.72,-0.18,1.0
15.13582158088684,3,DF,0.1513582158088684,0.0,0.0,0.14493333770407743,-0.009361011798224107,-0.012342885696569526,0.72,-0.18,1.0
15.13582158088684,3,DF,0.1513582158088684,0.0,0.0,0.14700464206963462,-0.002781328248957251,0.0001765762569061968,0.72,-0.18,1.0
15.176124572753906,3,DF,0.15176124572753907,0.0,0.0,0.14303710260637414,-0.014659238320612297,-0.0036960879217135555,0.72,-0.18,1.0
15.176124572753906,3,DF,0.15176124572753907,0.0,0.0,0.14860288176634173,-0.007278822132999396,-0.00157647656648121,0.72,-0.18,1.0
15.176124572753906,3,DF,0.15176124572753907,0.0,0.0,0.14827203843098938,-0.00666776218897883,-0.005816472184262153,0.72,-0.18,1.0
15.176124572753906,3,DF,0.15176124572753907,0.0,0.0,0.15500496366072744,-0.00585061377323183,0.0021950581748404418,0.72,-0.18,1.0
15.176124572753906,3,DF,0.15176124572753907,0.0,0.0,0.15468785163140478,-0.008555034884336758,-0.0030681943215991924,0.72,-0.18,1.0
15.176124572753906,3,DF,0.15176124572753907,0.0,0.0,0.15447051680208546,-0.0198842702257432,0.00013387915095538203,0.72,-0.18,1.0
15.176124572753906,3,DF,0.15176124572753907,0.0,0.0,0.15534793905589914,-0.012800052460302606,-0.00456904944704132,0.72,-0.18,1.0
15.176124572753906,3,DF,0.15176124572753907,0.0,0.0,0.15459435610477595,-0.016552456440140258,-0.006762084071290998,0.72,-0.18,1.0
15.176124572753906,3,DF,0.15176124572753907,0.0,0.0,0.15694924519000628,-0.008419122275100296,-0.001587260270090451,0.72,-0.18,1.0
15.176124572753906,3,DF,0.15176124572753907,0.0,0.0,0.1546894614165523,-0.008499518568920669,0.001589368061010072,0.72,-0.18,1.0
15.216420650482178,3,DF,0.1521642065048218,0.0,0.0,0.15387837708380842,-0.00631797598004904,0.002443314643930882,0.72,-0.18,1.0
15.216420650482178,3,DF,0.1521642065048218,0.0,0.0,0.1544852593526404,-0.012973224009991624,0.0013994369537709752,0.72,-0.18,1.0
15.216420650482178,3,DF,0.1521642065048218,0.0,0.0,0.15191014613463996,-0.0027729730029582835,0.0023697125330604625,0.72,-0.18,1.0
15.216420650482178,3,DF,0.1521642065048218,0.0,0.0,0.14953802331890412,-0.008979280183929284,-0.0024374771277653378,0.72,-0.18,1.0
15.216420650482178,3,DF,0.1521642065048218,0.0,0.0,0.15265214109501624,-0.011384784686163739,-0.001598918217692891,0.72,-0.18,1.0
15.216420650482178,3,DF,0.1521642065048218,0.0,0.0,0.15309673135268856,-0.009341534374228466,-0.0025866131870540873,0.72,-0.18,1.0
15.216420650482178,3,DF,0.1521642065048218,0.0,0.0,0.14752196838858703,-0.006083670634874989,-0.004046592430688196,0.72,-0.18,1.0
15.216420650482178,3,DF,0.1521642065048218,0.0,0.0,0.1448252340490644,-0.004396288472491957,-0.005825211458147195,0.72,-0.18,1.0
15.216420650482178,3,DF,0.1521642065048218,0.0,0.0,0.1542610127215846,-0.004665900367548091,0.0031019784729801204,0.72,-0.18,1.0
15.216420650482178,3,DF,0.1521642065048218,0.0,0.0,0.14664328617770253,0.0025993346545904344,-0.00557985662311781,0.72,-0.18,1.0
15.266806602478027,3,DF,0.15266806602478028,0.0,0.0,0.15393981342516952,-0.004719363775590183,-0.002844589138202683,0.72,-0.18,1.0
15.266806602478027,3,DF,0.15266806602478028,0.0,0.0,0.1550910223094061,-0.01420642660722337,-0.009324191160876627,0.72,-0.18,1.0
15.266806602478027,3,DF,0.15266806602478028,0.0,0.0,0.1483864622983147,-0.021099068407152786,-0.00237109847887432,0.72,-0.18,1.0
15.266806602478027,3,DF,0.15266806602478028,0.0,0.0,0.14985481381539353,-0.008616872265048281,-0.007205397043668324,0.72,-0.18,1.0
15.266806602478027,3,DF,0.15266806602478028,0.0,0.0,0.14911667852296556,-0.019623448561270452,-0.007838733774788442,0.72,-0.18,1.0
15.266806602478027,3,DF,0.15266806602478028,0.0,0.0,0.15225849043875844,-0.011486080042194615,-0.008700011723855414,0.72,-0.18,1.0
15.266806602478027,3,DF,0.15266806602478028,0.0,0.0,0.15477403258361397,-0.015472991052876802,-0.014669695325616289,0.72,-0.18,1.0
15.266806602478027,3,DF,0.15266806602478028,0.0,0.0,0.1383772783617464,-0.016323835463730813,-0.02080464274870668,0.72,-0.18,1.0
15.266806602478027,3,DF,0.15266806602478028,0.0,0.0,0.14090797837946895,-0.015854163879132917,-0.01721676393206708,0.72,-0.18,1.0
15.266806602478027,3,DF,0.15266806602478028,0.0,0.0,0.14730023503684053,-0.02338290617858375,-0.012689136840060867,0.72,-0.18,1.0
15.307101249694824,3,DF,0.15307101249694824,0.0,0.0,0.14507448882817342,-0.021999796022799594,-0.01585049222146036,0.72,-0.18,1.0
15.307101249694824,3,DF,0.15307101249694824,0.0,0.0,0.13967175753842082,-0.010997646144312869,-0.007688406075715513,0.72,-0.18,1.0
15.307101249694824,3,DF,0.15307101249694824,0.0,0.0,0.14767381041424077,-0.01922198207041655,-0.005911587110062454,0.72,-0.18,1.0
15.307101249694824,3,DF,0.15307101249694824,0.0,0.0,0.1430030855172303,-0.01760869891696453,-0.011379138861982056,0.72,-0.18,1.0
15.307101249694824,3,DF,0.15307101249694824,0.0,0.0,0.15117097175771232,-0.011065949426237261,-0.00743145580744492,0.72,-0.18,1.0
15.307101249694824,3,DF,0.15307101249694824,0.0,0.0,0.14996854404867374,-0.012896415593059086,-0.0037305504871839026,0.72,-0.18,1.0
15.307101249694824,3,DF,0.15307101249694824,0.0,0.0,0.1437979057122478,-0.010420636497480658,-0.005139341369685124,0.72,-0.18,1.0
15.307101249694824,3,DF,0.15307101249694824,0.0,0.0,0.14758766283651478,-0.01829588872187583,-0.008195305917573618,0.72,-0.18,1.0
15.307101249694824,3,DF,0.15307101249694824,0.0,0.0,0.1478830483212197,-0.013830284761233639,-0.007045221486534591,0.72,-0.18,1.0
15.347417116165161,3,DF,0.1534741711616516,0.0,0.0,0.14965909589746987,-0.007108225221719394,-0.0038235272317872424,0.72,-0.18,1.0
15.347417116165161,3,DF,0.1534741711616516,0.0,0.0,0.15617276764605298,-0.024451422104943308,-0.0034018723891441074,0.72,-0.18,1.0
15.347417116165161,3,DF,0.1534741711616516,0.0,0.0,0.15340174509745486,-0.009395887074283698,-0.009344767217141085,0.72,-0.18,1.0
15.347417116165161,3,DF,0.1534741711616516,0.0,0.0,0.16123025923744033,-0.020061598051080026,-0.0051822912300730625,0.72,-0.18,1.0
15.347417116165161,3,DF,0.1534741711616516,0.0,0.0,0.15300289061399472,-0.016325388936377517,-0.0035648930070230293,0.72,-0.18,1.0
15.347417116165161,3,DF,0.1534741711616516,0.0,0.0,0.1551222009875443,-0.0026450555451668304,0.000983514721072693,0.72,-0.18,1.0
15.347417116165161,3,DF,0.1534741711616516,0.0,0.0,0.1602355571983334,0.009295522536536455,0.0004380686698929445,0.72,-0.18,1.0
15.347417116165161,3,DF,0.1534741711616516,0.0,0.0,0.1560077708253164,-0.0005273048041941194,-0.010767320381316624,0.72,-0.18,1.0
15.347417116165161,3,DF,0.1534741711616516,0.0,0.0,0.15782159986370448,-0.0001079378562619669,-0.01383406459266309,0.72,-0.18,1.0
15.347417116165161,3,DF,0.1534741711616516,0.0,0.0,0.15257632711147562,-0.0002591868690624852,-0.01667273577941264,0.72,-0.18,1.0
15.387712717056274,3,DF,0.15387712717056276,0.0,0.0,0.1524978549978312,-0.007969128556917502,-0.019174983867538676,0.72,-0.18,1.0
15.387712717056274,3,DF,0.15387712717056276,0.0,0.0,0.147241132467843,-0.014519884856167009,-0.010298275658434728,0.72,-0.18,1.0
15.387712717056274,3,DF,0.15387712717056276,0.0,0.0,0.1490886993947318,-0.024605953682440163,-0.015065113375524252,0.72,-0.18,1.0
15.387712717056274,3,DF,0.15387712717056276,0.0,0.0,0.16072031156081953,-0.019471302402949416,-0.013753832842833491,0.72,-0.18,1.0
15.387712717056274,3,DF,0.15387712717056276,0.0,0.0,0.1547763171401735,-0.004411381310646339,-0.009526211423791387,0.72,-0.18,1.0
15.387712717056274,3,DF,0.15387712717056276,0.0,0.0,0.145103309400859,-0.019386300467479457,-0.0038544247831035225,0.72,-0.18,1.0
15.387712717056274,3,DF,0.15387712717056276,0.0,0.0,0.1419073852857926,-0.007059030152934172,-0.006373989417436944,0.72,-0.18,1.0
15.387712717056274,3,DF,0.15387712717056276,0.0,0.0,0.14166785117862615,-0.014013439784966726,0.00015809863504983153,0.72,-0.18,1.0
15.387712717056274,3,DF,0.15387712717056276,0.0,0.0,0.14211478385710946,-0.014492401228640154,-0.0006628682139596233,0.72,-0.18,1.0
15.387712717056274,3,DF,0.15387712717056276,0.0,0.0,0.14862008882934596,-0.014008348690912838,-0.007298619191008519,0.72,-0.18,1.0
15.438098192214966,3,DF,0.15438098192214966,0.0,0.0,0.14479404761147988,-0.006578419157577101,-0.010706966438378464,0.72,-0.18,1.0
15.438098192214966,3,DF,0.15438098192214966,0.0,0.0,0.15463129623584107,-0.0026873836548321553,-0.004450591435553219,0.72,-0.18,1.0
15.438098192214966,3,DF,0.15438098192214966,0.0,0.0,0.15496872835214723,1.4737360974278036e-05,-0.012829288541827766,0.72,-0.18,1.0
15.438098192214966,3,DF,0.15438098192214966,0.0,0.0,0.15554659731097528,-0.003707216738354233,-0.010662358918742955,0.72,-0.18,1.0
15.438098192214966,3,DF,0.15438098192214966,0.0,0.0,0.15592298980125166,0.0031201693861215543,-0.016925490218463807,0.72,-0.18,1.0
15.438098192214966,3,DF,0.15438098192214966,0.0,0.0,0.1504490174240253,0.012973812496702705,-0.0051121103449871435,0.72,-0.18,1.0
15.438098192214966,3,DF,0.15438098192214966,0.0,0.0,0.1491926373813735,-0.0018902551979878847,-0.00013110491525737068,0.72,-0.18,1.0
15.438098192214966,3,DF,0.15438098192214966,0.0,0.0,0.15216215101499722,-0.0012768285652866682,0.006559331807218298,0.72,-0.18,1.0
15.438098192214966,3,DF,0.15438098192214966,0.0,0.0,0.15950091034988095,0.0031962909978655854,-0.0017436826020959105,0.72,-0.18,1.0
15.438098192214966,3,DF,0.15438098192214966,0.0,0.0,0.1598551781897033,-0.012397155396525071,-0.006089175423340245,0.72,-0.18,1.0
15.478397369384766,3,DF,0.15478397369384767,0.0,0.0,0.1504563645211975,-0.011960332223388243,-0.007152459737882115,0.72,-0.18,1.0
15.478397369384766,3,DF,0.15478397369384767,0.0,0.0,0.15547335276711852,-0.01337841195510188,-0.004925579720587141,0.72,-0.18,1.0
15.478397369384766,3,DF,0.15478397369384767,0.0,0.0,0.14798687594878523,-0.005905588260627625,-0.008995332176555947,0.72,-0.18,1.0
15.478397369384766,3,DF,0.15478397369384767,0.0,0.0,0.15018958025210438,-0.009911090217372945,-0.0012717698425398418,0.72,-0.18,1.0
15.478397369384766,3,DF,0.15478397369384767,0.0,0.0,0.15037063684599727,-0.00580379471350625,-0.005011379689402528,0.72,-0.18,1.0
15.478397369384766,3,DF,0.15478397369384767,0.0,0.0,0.15383795986286625,-0.010931999806328788,-0.017731756875732335,0.72,-0.18,1.0
15.478397369384766,3,DF,0.15478397369384767,0.0,0.0,0.15123153894055885,-0.017588286794176268,-0.020713140840439088,0.72,-0.18,1.0
15.478397369384766,3,DF,0.15478397369384767,0.0,0.0,0.14977768696842525,-0.01628121644153498,-0.006810320623191418,0.72,-0.18,1.0
15.478397369384766,3,DF,0.15478397369384767,0.0,0.0,0.15529600967868923,-0.02538068470771229,-0.0008445621308579231,0.72,-0.18,1.0
15.478397369384766,3,DF,0.15478397369384767,0.0,0.0,0.1596914690533711,-0.028517202232304844,0.003217853823878695,0.72,-0.18,1.0
15.518708944320679,3,DF,0.15518708944320678,0.0,0.0,0.14990087749253636,-0.009031942274947944,0.004758988567757497,0.72,-0.18,1.0
15.518708944320679,3,DF,0.15518708944320678,0.0,0.0,0.14868700222299044,-0.006407327250602318,-0.003333103384257006,0.72,-0.18,1.0
15.518708944320679,3,DF,0.15518708944320678,0.0,0.0,0.14767582753708614,-0.0072213673224475715,-0.009810138567954853,0.72,-0.18,1.0
15.518708944320679,3,DF,0.15518708944320678,0.0,0.0,0.14695872139712338,-0.0028871311227194633,-0.001746105518976324,0.72,-0.18,1.0
15.518708944320679,3,DF,0.15518708944320678,0.0,0.0,0.1438026545068932,0.003391322682962703,0.003500164159003489,0.72,-0.18,1.0
15.518708944320679,3,DF,0.15518708944320678,0.0,0.0,0.14262627917682963,0.0036038784111565502,0.0031876264110425614,0.72,-0.18,1.0
15.518708944320679,3,DF,0.15518708944320678,0.0,0.0,0.1421175136152033,0.004769826290649684,-0.005128532239141932,0.72,-0.18,1.0
15.518708944320679,3,DF,0.15518708944320678,0.0,0.0,0.151543074083002,-0.015068759867521654,-0.012739302031887124,0.72,-0.18,1.0
15.518708944320679,3,DF,0.15518708944320678,0.0,0.0,0.1498420254570829,-0.01285084031523592,-0.01244071936461353,0.72,-0.18,1.0
15.518708944320679,3,DF,0.15518708944320678,0.0,0.0,0.1539399327235536,-0.019501058969456666,-0.0044864953531556714,0.72,-0.18,1.0
15.559029340744019,3,DF,0.15559029340744018,0.0,0.0,0.1562048122643544,-0.022674095301566357,-0.014406148195331533,0.72,-0.18,1.0
15.559029340744019,3,DF,0.15559029340744018,0.0,0.0,0.15421324807446207,-0.016749490998869493,-0.025767331075077688,0.72,-0.18,1.0
15.559029340744019,3,DF,0.15559029340744018,0.0,0.0,0.1512601914525051,-0.010077129825754195,-0.028042114166901208,0.72,-0.18,1.0
15.559029340744019,3,DF,0.15559029340744018,0.0,0.0,0.15537716654225384,-0.020498688682504384,-0.016326012970805496,0.72,-0.18,1.0
15.559029340744019,3,DF,0.15559029340744018,0.0,0.0,0.15766417772504873,-0.026863396773714906,-0.004984609540334394,0.72,-0.18,1.0
15.559029340744019,3,DF,0.15559029340744018,0.0,0.0,0.15639999946682573,-0.02436575230144862,-0.0006399208966398406,0.72,-0.18,1.0
15.559029340744019,3,DF,0.15559029340744018,0.0,0.0,0.15327710538705377,-0.017930004686866473,0.005551046212041082,0.72,-0.18,1.0
15.559029340744019,3,DF,0.15559029340744018,0.0,0.0,0.1508489668418214,-0.015495445184217797,-0.0007459503097637762,0.72,-0.18,1.0
15.559029340744019,3,DF,0.15559029340744018,0.0,0.0,0.1544705676383497,-0.020685270046720772,-0.010653783565580562,0.72,-0.18,1.0
15.559029340744019,3,DF,0.15559029340744018,0.0,0.0,0.15137849542593432,-0.011511860354615095,-0.017065811071195584,0.72,-0.18,1.0
15.609393119812012,3,DF,0.15609393119812012,0.0,0.0,0.15373677462278973,-0.015214314268448267,-0.017896004448670726,0.72,-0.18,1.0
15.609393119812012,3,DF,0.15609393119812012,0.0,0.0,0.1512170632891633,-0.011738126026783905,-0.007258783247005519,0.72,-0.18,1.0
15.609393119812012,3,DF,0.15609393119812012,0.0,0.0,0.15519446175559137,-0.016604406581573746,0.0010651796293678635,0.72,-0.18,1.0
15.609393119812012,3,DF,0.15609393119812012,0.0,0.0,0.148234168391597,-0.006838945463416616,0.006388580380097579,0.72,-0.18,1.0
15.609393119812012,3,DF,0.15609393119812012,0.0,0.0,0.14487850963074256,-0.0030641699401364577,9.095629126091776e-05,0.72,-0.18,1.0
15.609393119812012,3,DF,0.15609393119812012,0.0,0.0,0.15071832239483665,-0.016028703736258802,-0.01599701682188123,0.72,-0.18,1.0
15.609393119812012,3,DF,0.15609393119812012,0.0,0.0,0.1578786136292309,-0.02761090485633058,-0.015800608861290713,0.72,-0.18,1.0
15.609393119812012,3,DF,0.15609393119812012,0.0,0.0,0.1653592423280394,-0.03845698093802631,-0.02372918906280848,0.72,-0.18,1.0
15.609393119812012,3,DF,0.15609393119812012,0.0,0.0,0.16704239955062644,-0.04042052942635634,-0.0255071216216195,0.72,-0.18,1.0
15.609393119812012,3,DF,0.15609393119812012,0.0,0.0,0.1595039000096455,-0.023706639145749466,-0.010018436552770012,0.72,-0.18,1.0
15.649709939956665,3,DF,0.15649709939956666,0.0,0.0,0.1673465981645059,-0.039362059686647244,-0.01931942112563485,0.72,-0.18,1.0
15.649709939956665,3,DF,0.15649709939956666,0.0,0.0,0.15963824377657948,-0.02185760089903044,-0.025316035114436256,0.72,-0.18,1.0
15.649709939956665,3,DF,0.15649709939956666,0.0,0.0,0.15595510251050176,-0.01454328469291591,-0.02339273417728091,0.72,-0.18,1.0
15.649709939956665,3,DF,0.15649709939956666,0.0,0.0,0.15918179347279926,-0.01882146195972946,-0.011236574993387453,0.72,-0.18,1.0
15.649709939956665,3,DF,0.15649709939956666,0.0,0.0,0.1564148110084261,-0.015774946835871603,-0.0018794452140123799,0.72,-0.18,1.0
15.649709939956665,3,DF,0.15649709939956666,0.0,0.0,0.15691630614275828,-0.016357242204582297,0.003398677036771774,0.72,-0.18,1.0
15.649709939956665,3,DF,0.15649709939956666,0.0,0.0,0.1598819527108817,-0.019685287950189072,-0.004998797846938459,0.72,-0.18,1.0
15.649709939956665,3,DF,0.15649709939956666,0.0,0.0,0.15722504152872283,-0.015553196338880818,0.0007547723594433773,0.72,-0.18,1.0
15.649709939956665,3,DF,0.15649709939956666,0.0,0.0,0.15059096103273986,-0.002393852276635932,0.005937371280685618,0.72,-0.18,1.0
15.649709939956665,3,DF,0.15649709939956666,0.0,0.0,0.15178261606304325,-0.007960317663043582,6.964593328750366e-05,0.72,-0.18,1.0
15.690003871917725,3,DF,0.15690003871917724,0.0,0.0,0.15250136339398812,-0.006968929005044457,0.005860116981445542,0.72,-0.18,1.0
15.690003871917725,3,DF,0.15690003871917724,0.0,0.0,0.15786761414161937,-0.020158683990914965,0.007462034427908137,0.72,-0.18,1.0
15.690003871917725,3,DF,0.15690003871917724,0.0,0.0,0.16139543051431976,-0.02709120778418884,-0.0070627173648692325,0.72,-0.18,1.0
15.690003871917725,3,DF,0.15690003871917724,0.0,0.0,0.1607369710506884,-0.02404981304194067,-0.0015982818291846274,0.72,-0.18,1.0
15.690003871917725,3,DF,0.15690003871917724,0.0,0.0,0.158356814373827,-0.019120945339228288,0.0031545190909380992,0.72,-0.18,1.0
15.690003871917725,3,DF,0.15690003871917724,0.0,0.0,0.16223162352289971,-0.028903450271675686,-0.008325392048117868,0.72,-0.18,1.0
15.690003871917725,3,DF,0.15690003871917724,0.0,0.0,0.15243649280116472,-0.011118876927341136,-0.0030745655568183753,0.72,-0.18,1.0
15.690003871917725,3,DF,0.15690003871917724,0.0,0.0,0.1564142352599842,-0.01787779497196932,0.0010994169925005054,0.72,-0.18,1.0
15.690003871917725,3,DF,0.15690003871917724,0.0,0.0,0.1558528919157017,-0.015463418241465552,-0.0019376991233606773,0.72,-0.18,1.0
15.690003871917725,3,DF,0.15690003871917724,0.0,0.0,0.14682740133483443,0.0015639890889484593,0.0034017666723952958,0.72,-0.18,1.0
15.730325698852539,3,DF,0.1573032569885254,0.0,0.0,0.1508892130437093,-0.006700850461856839,-0.011615632701787525,0.72,-0.18,1.0
15.730325698852539,3,DF,0.1573032569885254,0.0,0.0,0.14734408923298947,0.0013936926543402994,-0.011608253999459492,0.72,-0.18,1.0
15.730325698852539,3,DF,0.1573032569885254,0.0,0.0,0.14750844055732476,-0.005712946648791512,-0.010774790061307667,0.72,-0.18,1.0
15.730325698852539,3,DF,0.1573032569885254,0.0,0.0,0.15900446044107946,-0.027119204720491834,-0.01725802004460103,0.72,-0.18,1.0
15.730325698852539,3,DF,0.1573032569885254,0.0,0.0,0.16208023257467932,-0.02946560149187285,-0.008408456325938476,0.72,-0.18,1.0
15.730325698852539,3,DF,0.1573032569885254,0.0,0.0,0.16602833029625974,-0.036347597796504975,0.00034251132480160314,0.72,-0.18,1.0
15.730325698852539,3,DF,0.1573032569885254,0.0,0.0,0.1642653552676226,-0.036318546545135014,-0.008062452153227671,0.72,-0.18,1.0
15.730325698852539,3,DF,0.1573032569885254,0.0,0.0,0.15458208572958015,-0.016180372276626328,-0.015203661542506942,0.72,-0.18,1.0
15.730325698852539,3,DF,0.1573032569885254,0.0,0.0,0.15780859930279445,-0.027502804795327886,0.00010294172031261446,0.72,-0.18,1.0
15.730325698852539,3,DF,0.1573032569885254,0.0,0.0,0.15749850750321956,-0.021956104096877184,-0.0066356239437728,0.72,-0.18,1.0
15.780696392059326,3,DF,0.15780696392059326,0.0,0.0,0.15172323315288705,-0.009655747975089451,-0.006201531837535407,0.72,-0.18,1.0
15.780696392059326,3,DF,0.15780696392059326,0.0,0.0,0.14601133869657948,0.0027046652306396174,-0.013608295389874956,0.72,-0.18,1.0
15.780696392059326,3,DF,0.15780696392059326,0.0,0.0,0.14851744985381524,-0.002818560514594713,-0.019328655145962863,0.72,-0.18,1.0
15.780696392059326,3,DF,0.15780696392059326,0.0,0.0,0.14880532186004428,-0.004251524315916952,-0.0035737644435672915,0.72,-0.18,1.0
15.780696392059326,3,DF,0.15780696392059326,0.0,0.0,0.15459055687700163,-0.015439746310985379,0.007172219150955988,0.72,-0.18,1.0
15.780696392059326,3,DF,0.15780696392059326,0.0,0.0,0.15665287452966442,-0.01770847530176118,0.002678941222498367,0.72,-0.18,1.0
15.780696392059326,3,DF,0.15780696392059326,0.0,0.0,0.1569173366757235,-0.02207627176105717,-0.00019444847935313608,0.72,-0.18,1.0
15.780696392059326,3,DF,0.15780696392059326,0.0,0.0,0.1571036756305198,-0.01818106269952143,-0.008664801342578734,0.72,-0.18,1.0
15.780696392059326,3,DF,0.15780696392059326,0.0,0.0,0.15661747624288633,-0.017246386765217777,-0.006405192384505475,0.72,-0.18,1.0
15.780696392059326,3,DF,0.15780696392059326,0.0,0.0,0.15705634697047746,-0.020858639521611974,0.004315305130525454,0.72,-0.18,1.0
15.820991516113281,3,DF,0.1582099151611328,0.0,0.0,0.16009880679425242,-0.025541262536526905,0.0029895460270193777,0.72,-0.18,1.0
15.820991516113281,3,DF,0.1582099151611328,0.0,0.0,0.1548307141953545,-0.008973304022173386,-0.005761269100115346,0.72,-0.18,1.0
15.820991516113281,3,DF,0.1582099151611328,0.0,0.0,0.16167803719287407,-0.019464057183267255,-0.006109715810734616,0.72,-0.18,1.0
15.820991516113281,3,DF,0.1582099151611328,0.0,0.0,0.15770488387545248,-0.015446744302719027,-0.0005355346761785439,0.72,-0.18,1.0
15.820991516113281,3,DF,0.1582099151611328,0.0,0.0,0.15764297563331822,-0.017314242389956408,0.006221543838853652,0.72,-0.18,1.0
15.820991516113281,3,DF,0.1582099151611328,0.0,0.0,0.1541507521808139,-0.006901549745628026,-0.0074630698073207555,0.72,-0.18,1.0
15.820991516113281,3,DF,0.1582099151611328,0.0,0.0,0.15299570848141716,-0.007336536763386557,-0.008805058416571775,0.72,-0.18,1.0
15.820991516113281,3,DF,0.1582099151611328,0.0,0.0,0.1564581135042492,-0.015145324183251232,0.001692510893032523,0.72,-0.18,1.0
15.820991516113281,3,DF,0.1582099151611328,0.0,0.0,0.15513002480262483,-0.016527596273446174,0.006666394535899948,0.72,-0.18,1.0
15.820991516113281,3,DF,0.1582099151611328,0.0,0.0,0.15593070627303265,-0.017273443558063525,0.00746163617713295,0.72,-0.18,1.0
15.861305236816406,3,DF,0.15861305236816406,0.0,0.0,0.15895568242290822,-0.02237491133568845,0.00827477731679532,0.72,-0.18,1.0
15.861305236816406,3,DF,0.15861305236816406,0.0,0.0,0.15709647701416893,-0.01908345260248077,-0.009441726524419795,0.72,-0.18,1.0
15.861305236816406,3,DF,0.15861305236816406,0.0,0.0,0.15826053148320865,-0.019369619437979164,-0.020722002609031513,0.72,-0.18,1.0
15.861305236816406,3,DF,0.15861305236816406,0.0,0.0,0.16060495092977278,-0.021505446254876194,-0.02506107732204587,0.72,-0.18,1.0
15.861305236816406,3,DF,0.15861305236816406,0.0,0.0,0.15589317793605512,-0.011501209386643275,-0.027977205998510356,0.72,-0.18,1.0
15.861305236816406,3,DF,0.15861305236816406,0.0,0.0,0.15308440033187942,-0.007274750662633767,-0.016171896828644287,0.72,-0.18,1.0
15.861305236816406,3,DF,0.15861305236816406,0.0,0.0,0.1541033163413022,-0.008500039829334937,0.0010553735061821425,0.72,-0.18,1.0
15.861305236816406,3,DF,0.15861305236816406,0.0,0.0,0.1493993525131086,-0.0009392246839233853,0.010818347638615864,0.72,-0.18,1.0
15.861305236816406,3,DF,0.15861305236816406,0.0,0.0,0.14884708479709183,0.002465360365289885,0.005929210343471707,0.72,-0.18,1.0
15.911676168441772,3,DF,0.15911676168441774,0.0,0.0,0.14731609896277148,0.0034262764071471023,0.009912034388757889,0.72,-0.18,1.0
15.911676168441772,3,DF,0.15911676168441774,0.0,0.0,0.1479743972567915,4.8157721046939854e-05,0.017198441712047544,0.72,-0.18,1.0
15.911676168441772,3,DF,0.15911676168441774,0.0,0.0,0.15279521648199546,-0.008375814346780235,0.007511714777300492,0.72,-0.18,1.0
15.911676168441772,3,DF,0.15911676168441774,0.0,0.0,0.15202140086792332,-0.008854416716168493,0.0018987163778963992,0.72,-0.18,1.0
15.911676168441772,3,DF,0.15911676168441774,0.0,0.0,0.1524808625273345,-0.009390320183496708,0.00041966288252597126,0.72,-0.18,1.0
15.911676168441772,3,DF,0.15911676168441774,0.0,0.0,0.14941716898582116,0.001218986970577897,-0.0026226915018762167,0.72,-0.18,1.0
15.911676168441772,3,DF,0.15911676168441774,0.0,0.0,0.15433885108456669,-0.011381377807755081,0.015355501031016103,0.72,-0.18,1.0
15.911676168441772,3,DF,0.15911676168441774,0.0,0.0,0.15733334484943615,-0.019973565303744157,0.01751075988244504,0.72,-0.18,1.0
15.911676168441772,3,DF,0.15911676168441774,0.0,0.0,0.1547624323672632,-0.01223569733473733,0.0038539536062368904,0.72,-0.18,1.0
15.911676168441772,3,DF,0.15911676168441774,0.0,0.0,0.15336539941667468,-0.008537143825972152,-0.003261288130839166,0.72,-0.18,1.0
15.952004671096802,3,DF,0.15952004671096803,0.0,0.0,0.15520800742840055,-0.011243278385091959,-0.004171754977599498,0.72,-0.18,1.0
15.952004671096802,3,DF,0.15952004671096803,0.0,0.0,0.15737790174164673,-0.01292455500095068,-0.009707747182830075,0.72,-0.18,1.0
15.952004671096802,3,DF,0.15952004671096803,0.0,0.0,0.15689394129912404,-0.010226773862946386,-0.004219874741285363,0.72,-0.18,1.0
15.952004671096802,3,DF,0.15952004671096803,0.0,0.0,0.1617281179155789,-0.024211590667931097,0.0050137140717415206,0.72,-0.18,1.0
15.952004671096802,3,DF,0.15952004671096803,0.0,0.0,0.16157711529261953,-0.02784431686416523,0.001534704107593622,0.72,-0.18,1.0
15.952004671096802,3,DF,0.15952004671096803,0.0,0.0,0.1606765653758373,-0.023628326847268965,-0.014095457263933183,0.72,-0.18,1.0
15.952004671096802,3,DF,0.15952004671096803,0.0,0.0,0.16310023375631966,-0.024704259621763,-0.02112298983680424,0.72,-0.18,1.0
15.952004671096802,3,DF,0.15952004671096803,0.0,0.0,0.16037612931385892,-0.0182118039539257,-0.022436040050771315,0.72,-0.18,1.0
15.952004671096802,3,DF,0.15952004671096803,0.0,0.0,0.1571434356589244,-0.010621844959924612,-0.028584633391578417,0.72,-0.18,1.0
15.952004671096802,3,DF,0.15952004671096803,0.0,0.0,0.15821993536748624,-0.011475647802160498,-0.018492584853190264,0.72,-0.18,1.0
15.992303371429443,3,DF,0.15992303371429445,0.0,0.0,0.15627103128070496,-0.011485694416789885,8.146892451223748e-05,0.72,-0.18,1.0
15.992303371429443,3,DF,0.15992303371429445,0.0,0.0,0.15331608169389035,-0.004366625186600701,0.002634231967067213,0.72,-0.18,1.0
15.992303371429443,3,DF,0.15992303371429445,0.0,0.0,0.1530405872760255,-0.0013087249278354402,0.011160009180301283,0.72,-0.18,1.0
15.992303371429443,3,DF,0.15992303371429445,0.0,0.0,0.15294110930996918,-0.00037018508099556603,0.01732951862099227,0.72,-0.18,1.0
15.992303371429443,3,DF,0.15992303371429445,0.0,0.0,0.15368039365212793,-0.0009521995473978939,0.021874060654888325,0.72,-0.18,1.0
15.992303371429443,3,DF,0.15992303371429445,0.0,0.0,0.15834655020350363,-0.011015491777639289,0.016712015392577606,0.72,-0.18,1.0
15.992303371429443,3,DF,0.15992303371429445,0.0,0.0,0.16095667728022073,-0.01941085816757756,0.018271668030354706,0.72,-0.18,1.0
15.992303371429443,3,DF,0.15992303371429445,0.0,0.0,0.157095358851624,-0.015121100055250658,0.018333485295520736,0.72,-0.18,1.0
15.992303371429443,3,DF,0.15992303371429445,0.0,0.0,0.15686515538110146,-0.01740366729951996,0.009365086869357945,0.72,-0.18,1.0
15.992303371429443,3,DF,0.15992303371429445,0.0,0.0,0.15674504176381815,-0.015772952225020627,0.004331845372789659,0.72,-0.18,1.0
16.032616138458252,3,DF,0.16032616138458253,0.0,0.0,0.15318788810199183,-0.01142864051631555,0.006461502239641866,0.72,-0.18,1.0
16.032616138458252,3,DF,0.16032616138458253,0.0,0.0,0.15375696783545179,-0.017563475090119348,0.0024193112031566026,0.72,-0.18,1.0
16.032616138458252,3,DF,0.16032616138458253,0.0,0.0,0.1506561978557284,-0.010263365335525266,0.0016032994904682312,0.72,-0.18,1.0
16.032616138458252,3,DF,0.16032616138458253,0.0,0.0,0.15375336031778997,-0.01195376133301974,-0.0018588286903738881,0.72,-0.18,1.0
16.032616138458252,3,DF,0.16032616138458253,0.0,0.0,0.1539871279415166,-0.015542873001595157,-0.010482566269691004,0.72,-0.18,1.0
16.032616138458252,3,DF,0.16032616138458253,0.0,0.0,0.15536791484629264,-0.012302046938015369,-0.0166766801520425,0.72,-0.18,1.0
16.032616138458252,3,DF,0.16032616138458253,0.0,0.0,0.15586217733056712,-0.011126774009246403,-0.0025872140934901236,0.72,-0.18,1.0
16.032616138458252,3,DF,0.16032616138458253,0.0,0.0,0.15986270480151243,-0.023095925303778693,0.004092434417295513,0.72,-0.18,1.0
16.032616138458252,3,DF,0.16032616138458253,0.0,0.0,0.15396023090195812,-0.01334303349112864,0.009748835246731612,0.72,-0.18,1.0
16.032616138458252,3,DF,0.16032616138458253,0.0,0.0,0.1536237745805622,-0.008260821227171847,0.01010075882625521,0.72,-0.18,1.0
16.08300518989563,3,DF,0.1608300518989563,0.0,0.0,0.15405982206015464,-0.006853732448982212,0.01826765094278221,0.72,-0.18,1.0
16.08300518989563,3,DF,0.1608300518989563,0.0,0.0,0.1544055691038815,-0.0025538258229465547,0.012406648463729133,0.72,-0.18,1.0
16.08300518989563,3,DF,0.1608300518989563,0.0,0.0,0.15454086560450206,-0.0027494756116469565,-0.0010215041839825563,0.72,-0.18,1.0
16.08300518989563,3,DF,0.1608300518989563,0.0,0.0,0.1577018099134699,-0.008982443629242236,0.0039575927040590075,0.72,-0.18,1.0
16.08300518989563,3,DF,0.1608300518989563,0.0,0.0,0.16016273358213093,-0.008154827995087554,-0.00855128026453896,0.72,-0.18,1.0
16.08300518989563,3,DF,0.1608300518989563,0.0,0.0,0.15567139296586624,-0.002784533622643265,-0.009023687370247778,0.72,-0.18,1.0
16.08300518989563,3,DF,0.1608300518989563,0.0,0.0,0.15578991110893142,-0.005011007188608891,-0.009737561404472865,0.72,-0.18,1.0
16.08300518989563,3,DF,0.1608300518989563,0.0,0.0,0.15271948061020843,0.0021690311667380067,-0.011147445434917141,0.72,-0.18,1.0
16.08300518989563,3,DF,0.1608300518989563,0.0,0.0,0.15839827310707955,-0.004776490176768802,-0.023554171576722314,0.72,-0.18,1.0
16.08300518989563,3,DF,0.1608300518989563,0.0,0.0,0.15970848431640605,-0.007777431821696021,-0.01629415275215096,0.72,-0.18,1.0
16.12330150604248,3,DF,0.1612330150604248,0.0,0.0,0.16181259767025735,-0.00964336492470606,-0.006464720791315216,0.72,-0.18,1.0
16.12330150604248,3,DF,0.1612330150604248,0.0,0.0,0.16099879509188555,-0.013755768555616187,0.000385390362331045,0.72,-0.18,1.0
16.12330150604248,3,DF,0.1612330150604248,0.0,0.0,0.16441550316076578,-0.01832342706096429,0.0048365111919382794,0.72,-0.18,1.0
16.12330150604248,3,DF,0.1612330150604248,0.0,0.0,0.16129957753803256,-0.0042319786275464046,9.5321799828353e-05,0.72,-0.18,1.0
16.12330150604248,3,DF,0.1612330150604248,0.0,0.0,0.1598220814246502,-0.00382634100723991,-0.00834763042337824,0.72,-0.18,1.0
16.12330150604248,3,DF,0.1612330150604248,0.0,0.0,0.1590960972159213,-0.0060457779135542,-0.005622996802388176,0.72,-0.18,1.0
16.12330150604248,3,DF,0.1612330150604248,0.0,0.0,0.1613316378504212,-0.013990876504122436,0.0029489983569911437,0.72,-0.18,1.0
16.12330150604248,3,DF,0.1612330150604248,0.0,0.0,0.16025497874024172,-0.011162585405266896,0.010513466472798615,0.72,-0.18,1.0
16.12330150604248,3,DF,0.1612330150604248,0.0,0.0,0.15672351354534714,-0.004650915839060928,0.004432376046625347,0.72,-0.18,1.0
16.12330150604248,3,DF,0.1612330150604248,0.0,0.0,0.15206494969231632,0.004325397272995596,-0.0020307994198441983,0.72,-0.18,1.0
16.163617372512817,3,DF,0.16163617372512817,0.0,0.0,0.15319412530074,0.0040012945912860625,-0.009190910719062497,0.72,-0.18,1.0
16.163617372512817,3,DF,0.16163617372512817,0.0,0.0,0.15852177205837656,-0.01099070035467214,-0.0037005055019328267,0.72,-0.18,1.0
16.163617372512817,3,DF,0.16163617372512817,0.0,0.0,0.15532654745889696,-0.007667649662152951,0.008782797502466485,0.72,-0.18,1.0
16.163617372512817,3,DF,0.16163617372512817,0.0,0.0,0.15735268351580126,-0.016309343075605744,0.006017014706665665,0.72,-0.18,1.0
16.163617372512817,3,DF,0.16163617372512817,0.0,0.0,0.16339188428352064,-0.02569529020828113,0.004723297422959179,0.72,-0.18,1.0
16.163617372512817,3,DF,0.16163617372512817,0.0,0.0,0.158003462307441,-0.015884333001756047,-0.004581350203668848,0.72,-0.18,1.0
16.163617372512817,3,DF,0.16163617372512817,0.0,0.0,0.15509631164798907,-0.010741982039408873,-0.0012959885159857353,0.72,-0.18,1.0
16.163617372512817,3,DF,0.16163617372512817,0.0,0.0,0.15652128429814363,-0.013279902339881987,-0.003729477575210973,0.72,-0.18,1.0
16.163617372512817,3,DF,0.16163617372512817,0.0,0.0,0.15619242106279066,-0.009753240233687096,0.007603675665607737,0.72,-0.18,1.0
16.163617372512817,3,DF,0.16163617372512817,0.0,0.0,0.1510265258470078,-0.0032537804279337674,0.0065462417596818135,0.72,-0.18,1.0
16.21398901939392,3,DF,0.1621398901939392,0.0,0.0,0.15358058939575195,-0.005899303919656648,-0.008881112499664815,0.72,-0.18,1.0
16.21398901939392,3,DF,0.1621398901939392,0.0,0.0,0.15263279445260622,-0.00410676411317397,-0.0023843589236342395,0.72,-0.18,1.0
16.21398901939392,3,DF,0.1621398901939392,0.0,0.0,0.1582446340470934,-0.01626297190694271,-0.0011972882874525966,0.72,-0.18,1.0
16.21398901939392,3,DF,0.1621398901939392,0.0,0.0,0.1631671946317065,-0.026093596462671557,0.0029517944061699265,0.72,-0.18,1.0
16.21398901939392,3,DF,0.1621398901939392,0.0,0.0,0.15979808114776342,-0.019195757868566386,-0.0058131773864527345,0.72,-0.18,1.0
16.21398901939392,3,DF,0.1621398901939392,0.0,0.0,0.1601890950942109,-0.02161423709463292,-0.015204291041691546,0.72,-0.18,1.0
16.21398901939392,3,DF,0.1621398901939392,0.0,0.0,0.1534337637855272,-0.0057203372013145655,-0.0203282013215878,0.72,-0.18,1.0
16.21398901939392,3,DF,0.1621398901939392,0.0,0.0,0.15424500277461464,-0.006510577302237572,-0.017530608896493438,0.72,-0.18,1.0
16.21398901939392,3,DF,0.1621398901939392,0.0,0.0,0.15459591914222293,-0.004104944951786727,-0.013769265065033915,0.72,-0.18,1.0
16.21398901939392,3,DF,0.1621398901939392,0.0,0.0,0.15724955046205158,-0.007845627959941794,-0.00011109922336592717,0.72,-0.18,1.0
16.254304885864258,3,DF,0.16254304885864257,0.0,0.0,0.15600050122731612,-0.004722624845226458,0.0038501073112534394,0.72,-0.18,1.0
16.254304885864258,3,DF,0.16254304885864257,0.0,0.0,0.15449132748801292,-0.0023407113410427813,-0.00401046990819022,0.72,-0.18,1.0
16.254304885864258,3,DF,0.16254304885864257,0.0,0.0,0.15368095839623389,-0.00467860014260352,-0.006477801641124351,0.72,-0.18,1.0
16.254304885864258,3,DF,0.16254304885864257,0.0,0.0,0.15702411242468248,-0.0075083481866229495,-0.017375778273528507,0.72,-0.18,1.0
16.254304885864258,3,DF,0.16254304885864257,0.0,0.0,0.1630445909037392,-0.018991096626022805,-0.007007751863779402,0.72,-0.18,1.0
16.254304885864258,3,DF,0.16254304885864257,0.0,0.0,0.16219831499571846,-0.015022509285237039,0.0077841432297508775,0.72,-0.18,1.0
16.254304885864258,3,DF,0.16254304885864257,0.0,0.0,0.16285754219780857,-0.018734097407872467,0.000564631281941812,0.72,-0.18,1.0
16.254304885864258,3,DF,0.16254304885864257,0.0,0.0,0.16118660341797633,-0.014155933786492485,-0.009375740520749035,0.72,-0.18,1.0
16.254304885864258,3,DF,0.16254304885864257,0.0,0.0,0.16116894668344806,-0.015702243360418425,-0.009748337171392634,0.72,-0.18,1.0
16.254304885864258,3,DF,0.16254304885864257,0.0,0.0,0.1637813236040952,-0.01488849592219623,0.0026565895272539428,0.72,-0.18,1.0
16.294599294662476,3,DF,0.16294599294662476,0.0,0.0,0.1628468590229451,-0.018094599253218727,0.003783165470844231,0.72,-0.18,1.0
16.294599294662476,3,DF,0.16294599294662476,0.0,0.0,0.16305718444544012,-0.022072169466243352,-0.0002070821822184848,0.72,-0.18,1.0
16.294599294662476,3,DF,0.16294599294662476,0.0,0.0,0.16200492656706575,-0.020579669683655828,-0.012218833476652258,0.72,-0.18,1.0
16.294599294662476,3,DF,0.16294599294662476,0.0,0.0,0.15796559370908905,-0.00884802767196457,-0.0022389047140563296,0.72,-0.18,1.0
16.294599294662476,3,DF,0.16294599294662476,0.0,0.0,0.15910356390295172,-0.010523003846594358,0.0036877114669870963,0.72,-0.18,1.0
16.294599294662476,3,DF,0.16294599294662476,0.0,0.0,0.1590525391242256,-0.0031811921416618903,0.004796698722470667,0.72,-0.18,1.0
16.294599294662476,3,DF,0.16294599294662476,0.0,0.0,0.15839302032276764,-0.004368532591891777,0.008244816751012202,0.72,-0.18,1.0
16.294599294662476,3,DF,0.16294599294662476,0.0,0.0,0.15248081142549524,0.0037917866824905273,0.013547389274380442,0.72,-0.18,1.0
16.294599294662476,3,DF,0.16294599294662476,0.0,0.0,0.1476940146351254,0.008315458560110234,0.00849967215144539,0.72,-0.18,1.0
16.294599294662476,3,DF,0.16294599294662476,0.0,0.0,0.1491097573183386,-5.448531683284975e-06,0.00023197182290793944,0.72,-0.18,1.0
16.334915161132812,3,DF,0.16334915161132812,0.0,0.0,0.15478953401845164,-0.004535331579635378,-0.007934127179931189,0.72,-0.18,1.0
16.334915161132812,3,DF,0.16334915161132812,0.0,0.0,0.15403713906069846,-0.0025977607835825462,-0.004690232321374641,0.72,-0.18,1.0
16.334915161132812,3,DF,0.16334915161132812,0.0,0.0,0.15772388763842926,-0.007124022644291717,-0.00998550218657514,0.72,-0.18,1.0
16.334915161132812,3,DF,0.16334915161132812,0.0,0.0,0.15453896229992323,-0.0025442478064970704,-0.020191684676405523,0.72,-0.18,1.0
16.334915161132812,3,DF,0.16334915161132812,0.0,0.0,0.1533492156827076,0.00012200756550435175,-0.004476659683900161,0.72,-0.18,1.0
16.334915161132812,3,DF,0.16334915161132812,0.0,0.0,0.1518416960526021,-0.0021299357296104588,-0.007258162908673115,0.72,-0.18,1.0
16.334915161132812,3,DF,0.16334915161132812,0.0,0.0,0.15071321150163083,0.0023068988183656235,-0.005015737564778358,0.72,-0.18,1.0
16.334915161132812,3,DF,0.16334915161132812,0.0,0.0,0.15405727276271342,0.0010870807447966012,-0.00212295301413917,0.72,-0.18,1.0
16.334915161132812,3,DF,0.16334915161132812,0.0,0.0,0.15617251256464268,-0.006083355116942265,-0.015355028809714632,0.72,-0.18,1.0
16.334915161132812,3,DF,0.16334915161132812,0.0,0.0,0.16012436051953924,-0.014182076055620817,-0.008911531734577045,0.72,-0.18,1.0
16.3852858543396,3,DF,0.163852858543396,0.0,0.0,0.1559586420106329,-0.002945934199033828,-0.0037038561541670434,0.72,-0.18,1.0
16.3852858543396,3,DF,0.163852858543396,0.0,0.0,0.15538187363423492,-0.00674350194401493,0.012912605786282727,0.72,-0.18,1.0
16.3852858543396,3,DF,0.163852858543396,0.0,0.0,0.1548241845941956,-0.005276032921284111,0.0004995852481950489,0.72,-0.18,1.0
16.3852858543396,3,DF,0.163852858543396,0.0,0.0,0.1616255899740763,-0.016184838200609567,-0.009511633638901765,0.72,-0.18,1.0
16.3852858543396,3,DF,0.163852858543396,0.0,0.0,0.15704664440300042,-0.009965709862875517,-0.012132267299613931,0.72,-0.18,1.0
16.3852858543396,3,DF,0.163852858543396,0.0,0.0,0.15868989417011506,-0.010605912287725913,-0.01213817281136787,0.72,-0.18,1.0
16.3852858543396,3,DF,0.163852858543396,0.0,0.0,0.15873549761121752,-0.009697051122047492,-0.006042892780342129,0.72,-0.18,1.0
16.3852858543396,3,DF,0.163852858543396,0.0,0.0,0.15854460898323866,-0.007097123238245632,0.0019141430530738547,0.72,-0.18,1.0
16.3852858543396,3,DF,0.163852858543396,0.0,0.0,0.1603616002858481,-0.014428918853088639,-0.015326129435469554,0.72,-0.18,1.0
16.425585508346558,3,DF,0.16425585508346557,0.0,0.0,0.15989550019724735,-0.00992084744350146,-0.012243279089187693,0.72,-0.18,1.0
16.425585508346558,3,DF,0.16425585508346557,0.0,0.0,0.15965559665032988,-0.011273848884783234,0.0019063131335459154,0.72,-0.18,1.0
16.425585508346558,3,DF,0.16425585508346557,0.0,0.0,0.1616150894541178,-0.012936265493456476,0.0010221079739192141,0.72,-0.18,1.0
16.425585508346558,3,DF,0.16425585508346557,0.0,0.0,0.16005328997080825,-0.010796020580319893,-0.011333471468214864,0.72,-0.18,1.0
16.425585508346558,3,DF,0.16425585508346557,0.0,0.0,0.16490883869862505,-0.018125005453344507,-0.018704020913812694,0.72,-0.18,1.0
16.425585508346558,3,DF,0.16425585508346557,0.0,0.0,0.16448231993121043,-0.01709619559871988,-0.0028758315230878323,0.72,-0.18,1.0
16.425585508346558,3,DF,0.16425585508346557,0.0,0.0,0.16381871676401705,-0.010275745427054677,0.0044591695743557815,0.72,-0.18,1.0
16.425585508346558,3,DF,0.16425585508346557,0.0,0.0,0.16349184933245994,-0.009003256489849074,-0.00815006518279068,0.72,-0.18,1.0
16.425585508346558,3,DF,0.16425585508346557,0.0,0.0,0.16178382338648745,-0.004280593057491755,-0.006566512657020079,0.72,-0.18,1.0
16.425585508346558,3,DF,0.16425585508346557,0.0,0.0,0.15904270811755097,-0.0018287331656911233,-0.009741562522189847,0.72,-0.18,1.0
16.465901136398315,3,DF,0.16465901136398317,0.0,0.0,0.15750560460671018,-0.0006297316848213624,0.005648949367384841,0.72,-0.18,1.0
16.465901136398315,3,DF,0.16465901136398317,0.0,0.0,0.1581818196810129,-0.008438095239914059,-0.00274513351223389,0.72,-0.18,1.0
16.465901136398315,3,DF,0.16465901136398317,0.0,0.0,0.1639852594698481,-0.01293605193881349,-0.011650132208769178,0.72,-0.18,1.0
16.465901136398315,3,DF,0.16465901136398317,0.0,0.0,0.16553937880206235,-0.017781268615969414,0.0031713110607557403,0.72,-0.18,1.0
16.465901136398315,3,DF,0.16465901136398317,0.0,0.0,0.1675375974980446,-0.021618355679066278,-0.0019215329531180913,0.72,-0.18,1.0
16.465901136398315,3,DF,0.16465901136398317,0.0,0.0,0.16816242385457655,-0.013335202424997113,0.0032377128584069807,0.72,-0.18,1.0
16.465901136398315,3,DF,0.16465901136398317,0.0,0.0,0.16675750920916757,-0.013104929457498932,0.011939685172201819,0.72,-0.18,1.0
16.465901136398315,3,DF,0.16465901136398317,0.0,0.0,0.16588008810458335,-0.019917278559543734,0.014289327536088971,0.72,-0.18,1.0
16.465901136398315,3,DF,0.16465901136398317,0.0,0.0,0.15819917666756508,-0.010395108432581209,0.006281213239098955,0.72,-0.18,1.0
16.465901136398315,3,DF,0.16465901136398317,0.0,0.0,0.16061751594550472,-0.014687019637642023,0.002335952023995622,0.72,-0.18,1.0
16.506198167800903,3,DF,0.16506198167800903,0.0,0.0,0.16188031115194224,-0.011456899923436152,-0.004813677231423726,0.72,-0.18,1.0
16.506198167800903,3,DF,0.16506198167800903,0.0,0.0,0.16439923557951128,-0.012752767147649417,0.0036142285914311507,0.72,-0.18,1.0
16.506198167800903,3,DF,0.16506198167800903,0.0,0.0,0.15938648394545202,-0.010272706694279104,0.005441455143235112,0.72,-0.18,1.0
16.506198167800903,3,DF,0.16506198167800903,0.0,0.0,0.15640424469267847,0.002080564976257469,0.005572524503954869,0.72,-0.18,1.0
16.506198167800903,3,DF,0.16506198167800903,0.0,0.0,0.1567427115055666,0.00341479393285279,-0.005014192763228968,0.72,-0.18,1.0
16.506198167800903,3,DF,0.16506198167800903,0.0,0.0,0.15866042479605658,-0.008251826807410968,-0.0014687904461043032,0.72,-0.18,1.0
16.506198167800903,3,DF,0.16506198167800903,0.0,0.0,0.1559211098052838,-0.0044409737010977866,-0.0006019016596213619,0.72,-0.18,1.0
16.506198167800903,3,DF,0.16506198167800903,0.0,0.0,0.16035048397095816,-0.005555244707311134,0.003819019488436485,0.72,-0.18,1.0
16.506198167800903,3,DF,0.16506198167800903,0.0,0.0,0.1611074059773595,-0.005949067880830717,-0.006598068386606559,0.72,-0.18,1.0
16.506198167800903,3,DF,0.16506198167800903,0.0,0.0,0.16049644475985653,-0.004681598457823452,-0.010192500923709331,0.72,-0.18,1.0
16.556584358215332,3,DF,0.16556584358215332,0.0,0.0,0.1591137034011639,-0.006521047916586609,0.0016235497163382853,0.72,-0.18,1.0
16.556584358215332,3,DF,0.16556584358215332,0.0,0.0,0.16150114544397934,-0.012667351563585966,0.0017267889284220215,0.72,-0.18,1.0
16.556584358215332,3,DF,0.16556584358215332,0.0,0.0,0.16394370968644423,-0.013439832130118335,-0.0021518395441257345,0.72,-0.18,1.0
16.556584358215332,3,DF,0.16556584358215332,0.0,0.0,0.1642512383955663,-0.013026988976388345,-0.007427495468405041,0.72,-0.18,1.0
16.556584358215332,3,DF,0.16556584358215332,0.0,0.0,0.15720239256423738,-0.008171835951857128,-0.0006879706248705632,0.72,-0.18,1.0
16.556584358215332,3,DF,0.16556584358215332,0.0,0.0,0.1604716209299499,-0.009849389860502846,-0.014405693607180206,0.72,-0.18,1.0
16.556584358215332,3,DF,0.16556584358215332,0.0,0.0,0.1590188490229791,-0.004528969104724986,-0.006805478130070104,0.72,-0.18,1.0
16.556584358215332,3,DF,0.16556584358215332,0.0,0.0,0.15425200850479392,0.0020802318069266545,-0.007251500331086847,0.72,-0.18,1.0
16.556584358215332,3,DF,0.16556584358215332,0.0,0.0,0.15851892854616254,-0.004417267672332386,-0.01582940726450075,0.72,-0.18,1.0
16.556584358215332,3,DF,0.16556584358215332,0.0,0.0,0.15698887777184578,0.0013422379496916895,-0.002545684940309761,0.72,-0.18,1.0
16.596883058547974,3,DF,0.16596883058547973,0.0,0.0,0.15917231118109812,-0.004129431078222568,0.00046682481820387186,0.72,-0.18,1.0
16.596883058547974,3,DF,0.16596883058547973,0.0,0.0,0.15570184473501553,-0.0019456233323604335,-0.012353352250546836,0.72,-0.18,1.0
16.596883058547974,3,DF,0.16596883058547973,0.0,0.0,0.15847165387414786,-0.002525243979851939,-0.0005738238949053976,0.72,-0.18,1.0
16.596883058547974,3,DF,0.16596883058547973,0.0,0.0,0.15960854600007468,0.0007402843516052507,-0.010654473619525139,0.72,-0.18,1.0
16.596883058547974,3,DF,0.16596883058547973,0.0,0.0,0.16304323316425906,-0.003850447848423364,-0.006169309562834278,0.72,-0.18,1.0
16.596883058547974,3,DF,0.16596883058547973,0.0,0.0,0.15456142684345134,0.00685722561787297,0.0016616967348754247,0.72,-0.18,1.0
16.596883058547974,3,DF,0.16596883058547973,0.0,0.0,0.1593717151330365,-0.0040520340273551185,-0.004500769256393823,0.72,-0.18,1.0
16.596883058547974,3,DF,0.16596883058547973,0.0,0.0,0.1625644590467329,-0.012260046376753061,-0.017359394877582094,0.72,-0.18,1.0
16.596883058547974,3,DF,0.16596883058547973,0.0,0.0,0.16314836562008214,-0.01869635691703202,-0.01692912256983426,0.72,-0.18,1.0
16.596883058547974,3,DF,0.16596883058547973,0.0,0.0,0.1628308795680065,-0.017164086462921953,-0.0028778224897348633,0.72,-0.18,1.0
16.637195348739624,3,DF,0.16637195348739625,0.0,0.0,0.168107725961973,-0.02328534631249084,0.005122994538830614,0.72,-0.18,1.0
16.637195348739624,3,DF,0.16637195348739625,0.0,0.0,0.165732303400147,-0.012048224813192917,-0.0013101822619238995,0.72,-0.18,1.0
16.637195348739624,3,DF,0.16637195348739625,0.0,0.0,0.16032139142841362,-0.006061547505355909,-0.008869142275520332,0.72,-0.18,1.0
16.637195348739624,3,DF,0.16637195348739625,0.0,0.0,0.16184717635757137,-0.010436142211846043,-0.010089593122361835,0.72,-0.18,1.0
16.637195348739624,3,DF,0.16637195348739625,0.0,0.0,0.16653977801506314,-0.015349077860177333,-0.010284805546833873,0.72,-0.18,1.0
16.637195348739624,3,DF,0.16637195348739625,0.0,0.0,0.16751844056154785,-0.019140273784603257,-0.009509004618396466,0.72,-0.18,1.0
16.637195348739624,3,DF,0.16637195348739625,0.0,0.0,0.16972546084010207,-0.024363265976646408,-0.013124354771464175,0.72,-0.18,1.0
16.637195348739624,3,DF,0.16637195348739625,0.0,0.0,0.16655231310298704,-0.016561357814205393,0.00309862574273428,0.72,-0.18,1.0
16.637195348739624,3,DF,0.16637195348739625,0.0,0.0,0.16608643461606626,-0.019111506855796438,-0.007867389153777946,0.72,-0.18,1.0
16.637195348739624,3,DF,0.16637195348739625,0.0,0.0,0.16515160977906776,-0.006368089617264315,0.00040034700223856936,0.72,-0.18,1.0
16.677493572235107,3,DF,0.16677493572235108,0.0,0.0,0.15875950750833193,-0.0031876658098686553,-0.004344378292706492,0.72,-0.18,1.0
16.677493572235107,3,DF,0.16677493572235108,0.0,0.0,0.1596907602115998,-0.005510420332029193,0.005320043221093821,0.72,-0.18,1.0
16.677493572235107,3,DF,0.16677493572235108,0.0,0.0,0.1618514492541914,-0.011283601130821991,0.015714074232692818,0.72,-0.18,1.0
16.677493572235107,3,DF,0.16677493572235108,0.0,0.0,0.16186007314624176,-0.00855902338908704,0.0044013208251610795,0.72,-0.18,1.0
16.677493572235107,3,DF,0.16677493572235108,0.0,0.0,0.16567430393112778,-0.016709971284277435,-0.008724580921489557,0.72,-0.18,1.0
16.677493572235107,3,DF,0.16677493572235108,0.0,0.0,0.1639636260715196,-0.011886370471330485,-0.008313580916105331,0.72,-0.18,1.0
16.677493572235107,3,DF,0.16677493572235108,0.0,0.0,0.1622841715611079,-0.01808290663691265,-0.01384688257728549,0.72,-0.18,1.0
16.677493572235107,3,DF,0.16677493572235108,0.0,0.0,0.16284441256279322,-0.013061659719303688,-0.022224579387952616,0.72,-0.18,1.0
16.677493572235107,3,DF,0.16677493572235108,0.0,0.0,0.16455415258261652,-0.013410305648338611,-0.02789788843529734,0.72,-0.18,1.0
16.677493572235107,3,DF,0.16677493572235108,0.0,0.0,0.16147076714941574,-0.009404457018008133,-0.011135184201468053,0.72,-0.18,1.0
16.7279372215271,3,DF,0.167279372215271,0.0,0.0,0.1670905774009222,-0.00853845709597647,-0.01312968958454019,0.72,-0.18,1.0
16.7279372215271,3,DF,0.167279372215271,0.0,0.0,0.16797222936782605,-0.014618510577283831,-0.010380039991038892,0.72,-0.18,1.0
16.7279372215271,3,DF,0.167279372215271,0.0,0.0,0.1635707929210564,-0.009935860235783883,-0.0014491523377329544,0.72,-0.18,1.0
16.7279372215271,3,DF,0.167279372215271,0.0,0.0,0.16132312094533513,-0.005306732622826765,0.006025404424933941,0.72,-0.18,1.0
16.7279372215271,3,DF,0.167279372215271,0.0,0.0,0.16389176727514773,-0.01189484810699201,-0.004171448334662716,0.72,-0.18,1.0
16.7279372215271,3,DF,0.167279372215271,0.0,0.0,0.1630235190368895,-0.004900513288537175,-0.007805090780311936,0.72,-0.18,1.0
16.7279372215271,3,DF,0.167279372215271,0.0,0.0,0.16231297439815992,0.00010447317340973742,-0.00278111194910809,0.72,-0.18,1.0
16.7279372215271,3,DF,0.167279372215271,0.0,0.0,0.1636955345983388,0.0005822682598227606,-0.015624793601630198,0.72,-0.18,1.0
16.7279372215271,3,DF,0.167279372215271,0.0,0.0,0.1605825359071862,0.005943121972352446,-0.003552906466776344,0.72,-0.18,1.0
16.7279372215271,3,DF,0.167279372215271,0.0,0.0,0.1633526298918373,0.0010464250306107432,-0.006191167374302258,0.72,-0.18,1.0
16.768239498138428,3,DF,0.1676823949813843,0.0,0.0,0.16732094917713414,-0.014647300060717156,-0.0030548019460494183,0.72,-0.18,1.0
16.768239498138428,3,DF,0.1676823949813843,0.0,0.0,0.16612211077641675,-0.020528983730660432,0.0021080037798154845,0.72,-0.18,1.0
16.768239498138428,3,DF,0.1676823949813843,0.0,0.0,0.1651826923130069,-0.021365694693351978,-0.006545008882116315,0.72,-0.18,1.0
16.768239498138428,3,DF,0.1676823949813843,0.0,0.0,0.1678750505798119,-0.016754877470988968,-0.0012531162026959716,0.72,-0.18,1.0
16.768239498138428,3,DF,0.1676823949813843,0.0,0.0,0.17023161199984682,-0.02067616393588959,0.00859771708314844,0.72,-0.18,1.0
16.768239498138428,3,DF,0.1676823949813843,0.0,0.0,0.16963497110094822,-0.025293118416859453,0.008589276793567902,0.72,-0.18,1.0
16.768239498138428,3,DF,0.1676823949813843,0.0,0.0,0.17020917327238586,-0.02628729255339083,-0.007102389850826233,0.72,-0.18,1.0
16.768239498138428,3,DF,0.1676823949813843,0.0,0.0,0.17178993196454762,-0.022907683330030633,-0.005148672347410215,0.72,-0.18,1.0
16.768239498138428,3,DF,0.1676823949813843,0.0,0.0,0.1685954856629438,-0.01729696102032049,-0.014320144973920706,0.72,-0.18,1.0
16.768239498138428,3,DF,0.1676823949813843,0.0,0.0,0.16633414571571,-0.005956459493454945,-0.0027847664020355218,0.72,-0.18,1.0
16.808492183685303,3,DF,0.16808492183685303,0.0,0.0,0.1664409155432639,-0.01787506780379124,-0.008840418281248125,0.72,-0.18,1.0
16.808492183685303,3,DF,0.16808492183685303,0.0,0.0,0.16805382947995184,-0.021014616708501598,-0.0066754334268498226,0.72,-0.18,1.0
16.808492183685303,3,DF,0.16808492183685303,0.0,0.0,0.1659870508693717,-0.011104680439635915,-0.0001426024527337262,0.72,-0.18,1.0
16.808492183685303,3,DF,0.16808492183685303,0.0,0.0,0.16888799564313062,-0.0201082645853388,-0.0020456649575042074,0.72,-0.18,1.0
16.808492183685303,3,DF,0.16808492183685303,0.0,0.0,0.17168660413280906,-0.022933360315825137,-0.003451289627765499,0.72,-0.18,1.0
16.808492183685303,3,DF,0.16808492183685303,0.0,0.0,0.16922475028822662,-0.0162880805872121,-0.0023539423500951342,0.72,-0.18,1.0
16.808492183685303,3,DF,0.16808492183685303,0.0,0.0,0.16256674514029576,-0.009729560006946915,-0.0017438886104827421,0.72,-0.18,1.0
16.808492183685303,3,DF,0.16808492183685303,0.0,0.0,0.1624983437284692,-0.014860989543826001,-0.0007390536502543568,0.72,-0.18,1.0
16.808492183685303,3,DF,0.16808492183685303,0.0,0.0,0.16409567496306007,-0.015448171914407434,-0.014705033027297771,0.72,-0.18,1.0
16.808492183685303,3,DF,0.16808492183685303,0.0,0.0,0.16429803134774995,-0.011667477872470178,-0.004877481278985119,0.72,-0.18,1.0
16.858837842941284,3,DF,0.16858837842941285,0.0,0.0,0.160569557404705,-0.0018208873607632235,0.005942602053534123,0.72,-0.18,1.0
16.858837842941284,3,DF,0.16858837842941285,0.0,0.0,0.16146356152928393,-0.0014906228182772687,-0.004133245234951604,0.72,-0.18,1.0
16.858837842941284,3,DF,0.16858837842941285,0.0,0.0,0.1670894204591624,-0.013252666505243867,-0.0008927229524589196,0.72,-0.18,1.0
16.858837842941284,3,DF,0.16858837842941285,0.0,0.0,0.1632218060019417,-0.01579720697494019,0.005235069864733076,0.72,-0.18,1.0
16.858837842941284,3,DF,0.16858837842941285,0.0,0.0,0.16141279428254582,-0.006847010178805032,-0.005328168397966367,0.72,-0.18,1.0
16.858837842941284,3,DF,0.16858837842941285,0.0,0.0,0.1632374912000207,-0.009692633904147862,0.0029058939358112047,0.72,-0.18,1.0
16.858837842941284,3,DF,0.16858837842941285,0.0,0.0,0.161791159296166,-0.006739551271497975,-0.0003081462834583828,0.72,-0.18,1.0
16.858837842941284,3,DF,0.16858837842941285,0.0,0.0,0.16258812608474893,-0.013230417416311998,-0.006593111542225372,0.72,-0.18,1.0
16.858837842941284,3,DF,0.16858837842941285,0.0,0.0,0.16503317090669226,-0.018791787789416838,0.007769146903845999,0.72,-0.18,1.0
16.858837842941284,3,DF,0.16858837842941285,0.0,0.0,0.16549853611476298,-0.01618499511509466,0.0024624813309780383,0.72,-0.18,1.0
16.899152278900146,3,DF,0.16899152278900148,0.0,0.0,0.1651540239758784,-0.020669996902118258,-0.004379340363197293,0.72,-0.18,1.0
16.899152278900146,3,DF,0.16899152278900148,0.0,0.0,0.16570505459793228,-0.016600610721146887,-0.004173880332544756,0.72,-0.18,1.0
16.899152278900146,3,DF,0.16899152278900148,0.0,0.0,0.16466253323475613,-0.012107566178320596,0.006755083049057154,0.72,-0.18,1.0
16.899152278900146,3,DF,0.16899152278900148,0.0,0.0,0.15867573794698275,0.0032071299412471006,-0.001182986044107393,0.72,-0.18,1.0
16.899152278900146,3,DF,0.16899152278900148,0.0,0.0,0.16047250171431904,-0.001198883652042136,-0.015253583365042135,0.72,-0.18,1.0
16.899152278900146,3,DF,0.16899152278900148,0.0,0.0,0.16064681116415652,-0.008467320466109932,-0.0030197729237605997,0.72,-0.18,1.0
16.899152278900146,3,DF,0.16899152278900148,0.0,0.0,0.16186720452574185,-0.010951030314667685,-0.00412336948428784,0.72,-0.18,1.0
16.899152278900146,3,DF,0.16899152278900148,0.0,0.0,0.16511775284061647,-0.012852310021371507,-0.013940132171866328,0.72,-0.18,1.0
16.899152278900146,3,DF,0.16899152278900148,0.0,0.0,0.16924148977304584,-0.019718926543848284,-0.014629219529065794,0.72,-0.18,1.0
16.899152278900146,3,DF,0.16899152278900148,0.0,0.0,0.16761615423955828,-0.01372780576016903,0.0030498883638335346,0.72,-0.18,1.0
16.93945622444153,3,DF,0.1693945622444153,0.0,0.0,0.16610727609751727,-0.013299198228169856,-0.0023999150812453133,0.72,-0.18,1.0
16.93945622444153,3,DF,0.1693945622444153,0.0,0.0,0.16454095419355816,-0.007459036405161569,-0.0042060115492473125,0.72,-0.18,1.0
16.93945622444153,3,DF,0.1693945622444153,0.0,0.0,0.16377510595904957,-0.002094985422134141,-0.0017328475113031188,0.72,-0.18,1.0
16.93945622444153,3,DF,0.1693945622444153,0.0,0.0,0.1609302991819688,-0.007840249938208897,-0.015254099358187221,0.72,-0.18,1.0
16.93945622444153,3,DF,0.1693945622444153,0.0,0.0,0.16239631298663978,-0.0005340244540776914,-0.012222166888476374,0.72,-0.18,1.0
16.93945622444153,3,DF,0.1693945622444153,0.0,0.0,0.16058539352146337,-0.0014574446680055491,-0.01394684785953069,0.72,-0.18,1.0
16.93945622444153,3,DF,0.1693945622444153,0.0,0.0,0.16356199248886452,-0.008920715820163938,-0.0113525311837479,0.72,-0.18,1.0
16.93945622444153,3,DF,0.1693945622444153,0.0,0.0,0.16305692491078796,-0.006845315348147737,-0.005264478201188059,0.72,-0.18,1.0
16.93945622444153,3,DF,0.1693945622444153,0.0,0.0,0.1615501830877355,-0.01322317724970762,-0.009483537835350981,0.72,-0.18,1.0
16.979769468307495,3,DF,0.16979769468307496,0.0,0.0,0.168999397796064,-0.013631423636289563,-0.007623302010469213,0.72,-0.18,1.0
16.979769468307495,3,DF,0.16979769468307496,0.0,0.0,0.16889769215557174,-0.006731391769898519,-0.013154701062979137,0.72,-0.18,1.0
16.979769468307495,3,DF,0.16979769468307496,0.0,0.0,0.16590345980410504,-0.0061854814605222285,-0.0041597942403109895,0.72,-0.18,1.0
16.979769468307495,3,DF,0.16979769468307496,0.0,0.0,0.1577783124824462,0.00197541031235966,-0.01583879781653536,0.72,-0.18,1.0
16.979769468307495,3,DF,0.16979769468307496,0.0,0.0,0.16307068014496875,-0.013456491508117637,-0.0074981029863124835,0.72,-0.18,1.0
16.979769468307495,3,DF,0.16979769468307496,0.0,0.0,0.1683000676032934,-0.0192655872749847,-0.013071352502105681,0.72,-0.18,1.0
16.979769468307495,3,DF,0.16979769468307496,0.0,0.0,0.16913664444638152,-0.01623893488555211,-0.0062898835651443675,0.72,-0.18,1.0
16.979769468307495,3,DF,0.16979769468307496,0.0,0.0,0.16600644752915386,-0.010650628949888111,-0.012776045666571763,0.72,-0.18,1.0
16.979769468307495,3,DF,0.16979769468307496,0.0,0.0,0.17385128500781957,-0.017370284154191475,-0.0024802181660714953,0.72,-0.18,1.0
16.979769468307495,3,DF,0.16979769468307496,0.0,0.0,0.1726741807350074,-0.02286525743545721,-0.002078390405094504,0.72,-0.18,1.0
17.030121564865112,3,DF,0.17030121564865114,0.0,0.0,0.17243795553685792,-0.020742016007415685,-0.011063577918064482,0.72,-0.18,1.0
17.030121564865112,3,DF,0.17030121564865114,0.0,0.0,0.169627850193271,-0.024932167339997115,0.004312773032673001,0.72,-0.18,1.0
17.030121564865112,3,DF,0.17030121564865114,0.0,0.0,0.16926632489743698,-0.012188177034681117,0.012179151846131876,0.72,-0.18,1.0
17.030121564865112,3,DF,0.17030121564865114,0.0,0.0,0.16217396993642158,-0.000339547623119701,0.00499346972049581,0.72,-0.18,1.0
17.030121564865112,3,DF,0.17030121564865114,0.0,0.0,0.16577438290579255,-0.01039749795116717,0.0039008889355658985,0.72,-0.18,1.0
17.030121564865112,3,DF,0.17030121564865114,0.0,0.0,0.170788466328522,-0.004476544796947055,0.0011627905407233788,0.72,-0.18,1.0
17.030121564865112,3,DF,0.17030121564865114,0.0,0.0,0.17474317426514732,-0.014192060736091855,0.005631049364689332,0.72,-0.18,1.0
17.030121564865112,3,DF,0.17030121564865114,0.0,0.0,0.16643667399146286,-0.023846921765226056,-0.007963403286810099,0.72,-0.18,1.0
17.030121564865112,3,DF,0.17030121564865114,0.0,0.0,0.16084920480576825,-0.021962704009649715,0.0004444949866990424,0.72,-0.18,1.0
17.030121564865112,3,DF,0.17030121564865114,0.0,0.0,0.1615888496343427,-0.025799026496495257,0.00394008053160366,0.72,-0.18,1.0
